37.28100 -30.81200 -21.81200
36.53100 -29.84400 -22.60900
35.25000 -29.45300 -21.92200
36.25000 -30.39100 -24.00000
34.40600 -30.32800 -21.64100
37.46900 -30.37500 -24.92200
37.93800 -28.68800 -25.45300
38.15600 -28.96900 -27.23400
35.25000 -28.68800 -20.85900
34.59400 -27.65600 -20.07800
33.31200 -27.15600 -20.70300
33.31200 -26.56200 -21.78100
32.18800 -27.76600 -20.50000
30.90600 -27.15600 -20.87500
30.06200 -26.82800 -19.65600
30.12500 -28.07800 -21.81200
29.57800 -27.73400 -18.96900
30.06200 -27.48400 -23.53100
30.45300 -25.93800 -18.78100
29.60900 -25.42200 -17.70300
28.42200 -24.65600 -18.28100
30.40600 -24.53100 -16.76600
28.59400 -23.60900 -18.89100
30.98400 -25.25000 -15.57000
30.23400 -25.42200 -14.41400
32.28100 -25.76600 -15.61700
30.76600 -26.09400 -13.32000
32.81200 -26.43800 -14.52300
32.06200 -26.59400 -13.37500
27.57800 -25.20300 -19.06200
26.20300 -24.81200 -19.32800
25.53100 -24.26600 -18.06200
25.40600 -26.00000 -19.85900
25.59400 -24.87500 -17.00000
25.98400 -23.12500 -17.51600
25.25000 -22.28100 -16.59400
23.85900 -22.82800 -16.32800
25.15600 -20.85900 -17.12500
23.12500 -23.14100 -17.26600
26.45300 -20.29700 -17.28100
23.67200 -23.90600 -15.71100
22.68800 -24.51600 -14.81200
21.40600 -23.70300 -14.79700
23.25000 -24.62500 -13.38300
21.43800 -22.46900 -14.73400
24.32800 -25.70300 -13.28900
23.81200 -23.35900 -12.99200
20.48400 -23.76600 -15.77300
19.07800 -24.09400 -15.60200
18.26600 -22.89100 -15.11700
18.92200 -25.26600 -14.62500
18.39100 -22.48400 -13.96100
18.12500 -26.42200 -15.20300
17.29700 -26.20300 -16.10900
18.32800 -27.56200 -14.73400
18.26600 -21.73400 -15.78900
17.18800 -20.76600 -15.69500
15.83600 -21.45300 -15.57800
17.20300 -19.82800 -16.90600
15.32800 -22.01600 -16.56200
18.18800 -18.68800 -16.79700
18.12500 -17.76600 -18.00000
19.07800 -16.65600 -17.89100
18.29700 -15.51600 -19.73400
20.04700 -14.68000 -18.53100
19.14100 -15.62500 -18.71900
15.60200 -22.62500 -14.86700
14.23400 -23.00000 -14.51600
13.26600 -21.85900 -14.75800
14.16400 -23.45300 -13.05500
13.53100 -20.71900 -14.35200
14.41400 -24.93800 -12.84400
14.22700 -25.34400 -11.38300
14.61700 -26.79700 -11.14800
14.50800 -27.17200 -9.71100
12.89100 -21.46900 -15.96900
11.86700 -20.51600 -16.39100
10.93800 -20.17200 -15.24200
11.07000 -21.07800 -17.57800
10.26600 -21.04700 -14.69500
11.74200 -20.89100 -18.92200
10.84400 -21.32800 -20.06200
11.46100 -21.07800 -21.35900
9.61700 -21.73400 -22.59400
11.52300 -21.01600 -23.65600
10.86700 -21.28100 -22.54700
11.39800 -19.51600 -14.18000
10.57800 -18.92200 -13.13300
9.28100 -18.39100 -13.72700
11.33600 -17.79700 -12.40600
9.28100 -17.76600 -14.78100
12.64800 -18.31200 -11.81200
10.46100 -17.17200 -11.32000
13.55500 -17.23400 -11.24200
8.11700 -18.93800 -13.30500
6.83600 -18.39100 -13.75800
6.78500 -16.87500 -13.72700
5.83200 -19.00000 -12.78100
7.20300 -16.26600 -12.73400
6.55100 -20.15600 -12.15600
8.02300 -19.87500 -12.21100
6.43400 -16.35900 -14.90600
6.25000 -14.91400 -15.00800
7.51600 -14.17200 -15.39800
7.58600 -12.95300 -15.28900
8.58600 -14.97700 -15.75000
9.82800 -14.36700 -16.21900
9.57000 -13.39100 -17.35900
10.82000 -15.44500 -16.65600
8.94500 -13.75000 -18.35900
12.14800 -14.89100 -17.07800
13.22700 -14.52300 -16.35900
12.46900 -14.67200 -18.40600
13.69500 -14.18800 -18.46900
14.18000 -14.08600 -17.25000
9.68000 -12.13300 -16.95300
9.55500 -11.04700 -17.92200
10.90600 -10.36700 -18.17200
8.53100 -10.01600 -17.43800
11.75000 -10.31200 -17.26600
7.10200 -10.53900 -17.42200
6.07400 -9.46100 -17.09400
5.32000 -9.63300 -16.10900
6.02700 -8.45300 -17.81200
11.13300 -10.03900 -19.37500
12.33600 -9.33600 -19.79700
12.56200 -8.07800 -18.95300
12.25800 -8.96900 -21.28100
11.68000 -7.22300 -18.85900
13.50000 -8.25000 -21.78100
14.61700 -8.57800 -21.31200
13.35900 -7.35900 -22.64100
13.71100 -7.98800 -18.23400
14.00800 -6.83200 -17.39100
13.89100 -5.50400 -18.12500
15.44500 -7.08200 -16.93800
13.48400 -4.49600 -17.54700
15.60900 -8.57000 -16.98400
14.77300 -9.10900 -18.10900
14.21900 -5.52000 -19.42200
14.14800 -4.30500 -20.23400
12.70300 -3.84600 -20.34400
14.76600 -4.51600 -21.62500
12.40600 -2.65200 -20.23400
14.58600 -3.26800 -22.50000
16.23400 -4.88300 -21.51600
11.85200 -4.75400 -20.54700
10.43000 -4.44100 -20.65600
9.88300 -3.87500 -19.34400
9.64100 -5.68400 -21.06200
9.18000 -2.86100 -19.34400
8.25000 -5.39800 -21.10900
10.17200 -4.44900 -18.23400
9.69500 -4.00000 -16.93800
10.27300 -2.63300 -16.57800
10.07000 -5.01600 -15.84400
9.57000 -1.77900 -16.03100
9.27300 -6.32400 -15.84400
9.90600 -7.32000 -14.87500
7.81600 -6.06200 -15.47700
11.50800 -2.43200 -16.89100
12.14800 -1.14200 -16.64100
11.45300 -0.02600 -17.42200
13.62500 -1.20200 -17.01600
11.35200 1.10400 -16.93800
10.95300 -0.31800 -18.67200
10.29700 0.68700 -19.50000
8.93800 1.06300 -18.93800
10.14100 0.18100 -20.93800
8.40600 2.13700 -19.23400
9.14100 -0.82000 -21.00000
8.41400 0.27500 -18.04700
7.07000 0.49400 -17.53100
7.11300 1.03400 -16.09400
6.25800 -0.80200 -17.56200
6.07400 1.36000 -15.51600
6.07400 -1.36500 -18.96900
5.44500 -2.74400 -18.96900
5.80500 -3.56200 -19.95300
4.63700 -3.07200 -18.09400
8.31200 1.04200 -15.48400
8.43000 1.46100 -14.09400
9.53100 2.50800 -13.93800
8.72700 0.26200 -13.17200
10.21900 2.84000 -14.90600
7.76200 -0.88900 -13.44500
10.07000 -0.19000 -13.39800
9.59400 2.99200 -12.74200
10.62500 3.98600 -12.43800
11.97700 3.32000 -12.18800
10.21100 4.81600 -11.21900
12.97700 4.00400 -11.94500
12.07000 2.08600 -12.34400
13.28900 1.33400 -12.10900
14.14100 1.26300 -13.37500
12.96900 -0.07900 -11.60900
13.60200 1.17200 -14.48400
12.26600 -0.11000 -10.28100
12.94500 0.24400 -9.11700
10.93800 -0.49400 -10.19500
12.29700 0.21700 -7.88300
10.28900 -0.52400 -8.96100
10.96900 -0.17000 -7.80900
15.45300 1.27700 -13.21900
16.37500 0.97600 -14.30500
16.48400 -0.52700 -14.53900
17.76600 1.55000 -14.00000
16.01600 -1.32300 -13.71900
18.39100 0.83300 -12.95300
17.14100 -0.92100 -15.67200
17.31200 -2.33600 -15.98400
18.12500 -3.01600 -14.88300
18.00000 -2.53700 -17.35900
17.79700 -4.12900 -14.46100
18.31200 -4.01200 -17.59400
17.10900 -1.99600 -18.48400
19.14100 -2.36500 -14.41400
19.98400 -2.89500 -13.34400
19.20300 -3.05100 -12.04700
21.18800 -1.98600 -13.11700
19.35900 -4.03900 -11.32800
21.98400 -1.89700 -14.28900
18.32800 -2.08200 -11.72700
17.48400 -2.14600 -10.53900
16.50000 -3.29900 -10.63300
16.75000 -0.82400 -10.32800
16.23400 -3.98600 -9.64100
17.64100 0.32400 -9.89100
16.95300 1.67400 -9.90600
17.31200 2.55300 -9.09400
16.03100 1.85300 -10.74200
15.95300 -3.50400 -11.80500
15.02300 -4.60900 -12.01600
15.75000 -5.93800 -11.79700
14.39100 -4.56600 -13.42200
15.20300 -6.85500 -11.18000
13.60200 -5.84000 -13.69500
13.50000 -3.33400 -13.57000
16.87500 -6.07000 -12.27300
17.67200 -7.28100 -12.07800
17.95300 -7.52000 -10.59400
18.98400 -7.20700 -12.85900
17.92200 -8.65600 -10.12500
18.79700 -7.30500 -14.36700
20.09400 -7.12100 -15.14100
20.15600 -7.54300 -16.31200
21.04700 -6.54700 -14.57000
18.31200 -6.43400 -9.88300
18.50000 -6.54300 -8.43800
17.21900 -6.98400 -7.75400
18.98400 -5.21100 -7.86300
17.25000 -7.81200 -6.84000
16.10900 -6.46100 -8.21100
14.81200 -6.85200 -7.66400
14.53900 -8.32800 -7.91400
13.69500 -6.00400 -8.27300
13.87500 -8.99200 -7.10900
13.60200 -4.55500 -7.78900
12.51600 -3.81100 -8.56200
13.32800 -4.51200 -6.29300
15.06200 -8.74200 -9.00800
14.90600 -10.16400 -9.32000
15.59400 -11.03100 -8.27300
15.46900 -10.47700 -10.71100
15.04700 -12.05500 -7.85500
15.25000 -11.89800 -11.14800
16.32800 -12.75000 -11.35900
13.96100 -12.39100 -11.34400
16.12500 -14.06200 -11.76600
13.75800 -13.70300 -11.75000
14.84400 -14.53900 -11.96100
16.75000 -10.66400 -7.82000
17.43800 -11.39800 -6.77000
16.64100 -11.39100 -5.46900
18.84400 -10.82000 -6.53900
16.54700 -12.40600 -4.78500
19.79700 -11.02300 -7.70700
19.98400 -12.48400 -8.07800
19.96900 -12.81200 -9.28900
20.14100 -13.31200 -7.15200
16.10900 -10.22700 -5.19100
15.25800 -10.11700 -4.02000
14.03900 -11.01600 -4.15200
14.81200 -8.66400 -3.81100
13.68800 -11.74200 -3.21500
13.84400 -8.41400 -2.65600
14.44500 -8.89800 -1.34200
13.48400 -6.93000 -2.57200
13.46900 -11.00000 -5.26600
12.29700 -11.81200 -5.55100
12.60900 -13.29700 -5.35900
11.79700 -11.56200 -6.97300
11.83600 -14.02300 -4.73400
10.64800 -12.45300 -7.38300
10.87500 -13.60900 -8.10900
9.34400 -12.12500 -7.03100
9.82000 -14.43000 -8.49200
8.28100 -12.94500 -7.40600
8.52300 -14.09400 -8.13300
13.69500 -13.75800 -5.87100
14.09400 -15.15600 -5.75000
14.27300 -15.55500 -4.28900
15.39100 -15.40600 -6.52300
13.88300 -16.65600 -3.88900
15.21100 -15.47700 -8.03100
16.48400 -15.91400 -8.73400
17.60900 -14.89800 -8.55500
18.85900 -15.32000 -9.25000
14.84400 -14.61700 -3.54100
15.05500 -14.88300 -2.12100
13.72700 -15.03900 -1.38800
15.86700 -13.75800 -1.48200
13.57000 -15.95300 -0.57100
15.98400 -13.95300 -0.08400
12.81200 -14.23400 -1.71900
11.52300 -14.25000 -1.03700
10.70300 -15.46100 -1.50200
10.73400 -12.94500 -1.28700
10.14800 -16.18800 -0.68200
11.50000 -11.75000 -0.71600
9.32800 -13.03900 -0.68500
10.89800 -10.39800 -1.08600
10.59400 -15.64800 -2.81800
9.73400 -16.67200 -3.40400
10.24200 -18.07800 -3.09000
9.63300 -16.48400 -4.91800
9.50800 -19.04700 -3.23400
10.87500 -16.73400 -5.54300
11.37500 -18.26600 -2.57400
11.95300 -19.56200 -2.24600
12.10200 -19.79700 -0.75300
12.69500 -20.78100 -0.32600
11.52300 -18.90600 0.06400
11.76600 -18.93800 1.50400
10.89800 -19.98400 2.18800
11.48400 -17.56200 2.11700
11.25800 -20.50000 3.25200
10.14100 -17.17200 1.88800
9.80500 -20.34400 1.72400
8.93800 -21.37500 2.29900
8.73400 -22.50000 1.29000
7.57000 -20.78100 2.72900
9.06200 -23.65600 1.56800
6.66400 -21.89100 3.27700
7.76600 -19.68800 3.76600
8.10900 -22.12500 0.09000
7.93000 -23.03100 -1.04000
8.66400 -22.46900 -2.26400
6.43400 -23.23400 -1.36100
8.40600 -21.35900 -2.69700
5.68800 -23.75000 -0.12300
6.26200 -24.20300 -2.53900
4.17200 -23.67200 -0.23700
9.65600 -23.25000 -2.77000
10.48400 -22.81200 -3.89100
9.78900 -23.07800 -5.22300
11.84400 -23.51600 -3.85200
10.14100 -24.03100 -5.93000
12.83600 -22.93800 -4.84000
12.55500 -21.89100 -5.44900
13.92200 -23.54700 -5.01200
8.71100 -22.26600 -5.59400
7.92600 -22.45300 -6.80900
8.03900 -21.25000 -7.73400
6.45700 -22.70300 -6.46100
7.34800 -21.17200 -8.75000
5.82400 -21.57800 -5.67600
6.51200 -20.56200 -5.40200
4.63300 -21.68800 -5.32000
8.92200 -20.32800 -7.33200
9.12500 -19.15600 -8.16400
7.99600 -18.14100 -8.05500
7.90200 -17.21900 -8.86700
7.05100 -18.28100 -7.18400
5.95300 -17.37500 -6.85200
6.02000 -16.95300 -5.39100
4.60500 -18.04700 -7.14100
6.52300 -17.70300 -4.54300
4.37900 -18.53100 -8.57800
3.12500 -19.39100 -8.65600
4.27700 -17.32800 -9.52300
5.56600 -15.74200 -5.04300
5.50400 -15.29700 -3.65400
4.11300 -15.57000 -3.09000
5.85500 -13.79700 -3.52100
3.13300 -14.95300 -3.51600
7.29700 -13.54700 -3.98200
5.64800 -13.32000 -2.08000
7.66800 -12.07000 -4.06200
4.07400 -16.51600 -2.17200
2.83400 -16.79700 -1.45900
2.60900 -15.79700 -0.32800
2.84800 -18.21900 -0.90000
3.51800 -15.04700 0.03400
3.80500 -18.34400 0.13700
1.35900 -15.78900 0.21500
1.05300 -14.92200 1.34700
1.99600 -15.18800 2.51600
-0.39900 -15.10900 1.79100
2.44100 -14.25000 3.18800
-0.88800 -14.04700 2.77100
-2.39100 -14.15600 3.00000
-2.89300 -13.05500 3.92400
-4.37100 -13.12500 4.12500
2.36100 -16.39100 2.74800
3.25400 -16.78100 3.83600
4.66400 -16.25000 3.60900
3.28700 -18.31200 3.98600
5.29300 -15.73400 4.53500
1.99000 -18.90600 4.52000
0.95000 -19.14100 3.43400
-0.23400 -19.37500 3.77000
1.32100 -19.09400 2.24000
5.10500 -16.35900 2.37100
6.43400 -15.85200 2.02900
6.48400 -14.32800 2.13700
6.82800 -16.29700 0.61800
7.47700 -13.76600 2.60400
7.14800 -17.78100 0.50400
7.14500 -18.28100 -0.93000
7.68000 -19.37500 -1.18700
6.59800 -17.56200 -1.80400
5.45300 -13.74200 1.70800
5.34000 -12.28900 1.80400
5.39500 -11.83600 3.25800
4.03500 -11.80500 1.15300
6.14100 -10.91400 3.60000
3.92800 -10.31200 1.04700
3.12700 -9.59400 1.92800
4.62500 -9.61700 0.06400
3.02500 -8.21100 1.83200
4.52700 -8.23400 -0.03800
3.72500 -7.53100 0.84600
4.63300 -12.45300 4.17600
4.59800 -12.10200 5.59000
5.94500 -12.35900 6.25800
3.49800 -12.88300 6.30900
6.39100 -11.57800 7.09800
2.09000 -12.42200 5.96900
1.01900 -13.21100 6.69500
0.01300 -12.51600 7.21100
1.09400 -14.44500 6.78900
6.54700 -13.48400 5.83200
7.87500 -13.80500 6.34800
8.88300 -12.71900 5.97300
8.34400 -15.15600 5.81600
9.70300 -12.32000 6.79700
9.68800 -15.66400 6.34800
9.62500 -15.85200 7.85900
10.07000 -16.96900 5.65600
8.74200 -12.20300 4.78100
9.65600 -11.16400 4.30500
9.43800 -9.85900 5.06200
9.47700 -10.94500 2.80500
10.39800 -9.14800 5.37500
8.25800 -9.52300 5.43000
7.93000 -8.24200 6.04700
8.14800 -8.29700 7.55500
6.47700 -7.85900 5.74200
8.66400 -7.34000 8.14100
6.17600 -7.44100 4.30500
4.68000 -7.20300 4.12500
6.96900 -6.19500 3.93200
7.86700 -9.43800 8.18800
7.77300 -9.45300 9.64100
8.69500 -10.51600 10.22700
6.33200 -9.71100 10.08600
8.75000 -10.69500 11.44500
5.34800 -8.70300 9.55500
5.42200 -7.36700 9.93800
4.34800 -9.09400 8.67200
4.51200 -6.43400 9.44500
3.43400 -8.16400 8.18000
3.51800 -6.83600 8.56200
9.38300 -11.18000 9.39800
10.23400 -12.28100 9.85200
9.44500 -13.28100 10.68000
11.42200 -11.74200 10.66400
9.98400 -13.89100 11.60900
12.35900 -10.85200 9.86700
13.59400 -10.47700 10.68000
14.53100 -9.57000 9.89100
15.76600 -9.25000 10.65600
8.05500 -13.10200 10.55500
7.09800 -13.99200 11.21100
6.00400 -14.44500 10.25000
6.48000 -13.31200 12.43000
5.21100 -13.63300 9.77300
5.67600 -14.26600 13.28900
5.69900 -14.05500 14.60200
5.03900 -15.19500 12.78100
5.84000 -15.71900 10.05500
4.89800 -16.20300 9.04700
3.48000 -16.26600 9.60900
5.32000 -17.57800 8.53900
2.51000 -16.35900 8.85900
5.46100 -18.62500 9.63300
5.95300 -19.95300 9.07000
6.14100 -21.00000 10.17200
6.71100 -22.26600 9.64100
3.26400 -16.10900 10.96100
1.96000 -16.29700 11.59400
1.34600 -14.95300 11.97700
2.07800 -17.18800 12.82000
0.19600 -14.89100 12.42200
2.41400 -18.64100 12.50000
2.37500 -19.51600 13.75000
2.75400 -20.95300 13.43000
2.72100 -21.81200 14.65600
2.17000 -13.90600 11.77300
1.62600 -12.60900 12.16400
0.64500 -12.08600 11.12500
2.75200 -11.60200 12.38300
1.01200 -11.89100 9.96100
2.30500 -10.30500 13.04700
3.49000 -9.41400 13.39100
3.04300 -8.12500 14.07000
4.20700 -7.30500 14.51600
-0.60500 -12.19500 11.41400
-1.65200 -11.62500 10.57000
-1.69700 -10.10200 10.71100
-3.01600 -12.21900 10.92200
-1.75500 -9.57800 11.82000
-3.19500 -13.65600 10.45300
-4.61700 -14.17200 10.61700
-4.91400 -15.29700 10.16400
-5.44500 -13.43000 11.19500
-1.35500 -9.49200 9.60900
-1.39500 -8.03900 9.50800
-2.31400 -7.57800 8.38300
0.01400 -7.48000 9.30500
-2.13700 -7.97700 7.22700
0.04900 -5.96500 9.34400
0.61900 -5.41000 10.41400
-0.43200 -5.29300 8.43000
-3.36900 -6.87100 8.79700
-4.38300 -6.41400 7.85200
-3.73800 -5.67200 6.68400
-5.40200 -5.51200 8.54700
-4.07400 -5.91400 5.52300
-6.57000 -5.02300 7.69100
-7.58600 -6.14500 7.48800
-7.23000 -3.80700 8.33600
-2.68600 -4.87500 6.93800
-2.03500 -4.09000 5.89500
-1.24400 -4.98800 4.94900
-1.10900 -3.03500 6.51200
-1.30500 -4.82400 3.73000
-1.84200 -1.89600 7.16800
-2.35400 -0.85100 6.41000
-2.01800 -1.87000 8.54700
-3.03100 0.20500 7.01600
-2.69300 -0.81800 9.15600
-3.19900 0.21900 8.39100
-0.56000 -5.88300 5.57400
0.21700 -6.82400 4.77000
-0.68900 -7.64100 3.85400
1.02900 -7.75000 5.67200
-0.37400 -7.84000 2.67800
-1.80000 -8.07000 4.38300
-2.76000 -8.82000 3.58000
-3.31200 -7.98000 2.43400
-3.90000 -9.33600 4.45700
-3.43200 -8.46100 1.30600
-3.47500 -10.48400 5.35200
-4.22300 -10.71100 6.42600
-2.48200 -11.16400 5.07800
-3.42400 -6.76600 2.75000
-3.97100 -5.87500 1.73200
-2.95100 -5.60900 0.63200
-4.42200 -4.55500 2.35900
-3.28500 -5.64100 -0.55400
-5.66000 -4.68000 3.23400
-6.83200 -5.28500 2.47500
-7.28500 -4.41000 1.39600
-9.00800 -5.78900 0.72300
-8.63300 -3.80500 -0.36000
-8.30500 -4.67200 0.58900
-1.85600 -5.34400 1.01800
-0.78500 -5.07400 0.06600
-0.54400 -6.30500 -0.80600
0.52000 -4.66400 0.78600
-0.37700 -6.18800 -2.02100
0.36000 -3.28500 1.43800
1.70100 -4.67600 -0.18800
1.52700 -2.88300 2.32800
-0.58900 -7.43800 -0.17700
-0.44600 -8.66400 -0.95100
-1.54100 -8.77300 -2.00600
-0.48400 -9.89100 -0.03100
-1.26500 -9.07800 -3.16800
-0.35100 -11.20300 -0.75900
-1.47500 -11.86700 -1.22900
0.90000 -11.76600 -0.97300
-1.35400 -13.07800 -1.90300
1.02800 -12.97700 -1.64600
-0.10100 -13.63300 -2.10900
-2.78900 -8.51600 -1.60600
-3.92600 -8.60900 -2.51800
-3.78300 -7.62900 -3.67800
-5.23800 -8.35900 -1.76900
-4.13700 -7.94900 -4.81600
-5.62500 -9.50000 -0.84800
-5.08200 -10.61700 -0.99300
-6.49200 -9.28100 0.03000
-3.25800 -6.49200 -3.33200
-3.07200 -5.46900 -4.35500
-1.93800 -5.87900 -5.29300
-2.77500 -4.09000 -3.72700
-2.03100 -5.68800 -6.50800
-4.00800 -3.56600 -2.97900
-2.32200 -3.09400 -4.79700
-3.74200 -2.33000 -2.13100
-0.86900 -6.45700 -4.79700
0.26400 -6.89500 -5.60200
-0.13500 -8.04700 -6.52000
1.43300 -7.31600 -4.70700
0.41700 -8.19500 -7.60900
2.29500 -6.16800 -4.25400
1.74600 -4.91000 -4.03500
3.65600 -6.35200 -4.04300
2.54100 -3.85000 -3.61500
4.45700 -5.29300 -3.62300
3.89800 -4.04300 -3.41200
-1.03400 -8.93000 -6.02300
-1.52100 -10.05500 -6.81200
-2.57000 -9.60900 -7.82400
-2.10000 -11.14100 -5.89800
-3.75400 -9.91400 -7.68000
-2.50000 -12.39800 -6.65200
-2.01800 -12.60900 -7.78500
-3.30900 -13.18000 -6.10900
-2.16000 -8.84400 -8.87500
-3.01000 -8.16400 -9.84400
-3.88500 -9.18000 -10.57000
-2.17200 -7.35500 -10.86700
-5.08200 -8.95300 -10.75800
-3.06600 -6.77300 -11.96100
-1.39500 -6.24600 -10.15600
-3.37500 -10.33600 -10.85900
-4.07800 -11.36700 -11.61700
-4.88300 -12.28100 -10.69500
-3.09400 -12.19500 -12.44500
-5.56200 -13.19500 -11.16400
-2.38100 -11.39800 -13.53100
-1.36100 -12.25800 -14.27300
-0.47900 -11.41400 -15.18000
0.52700 -12.25000 -15.90600
-4.91000 -12.14800 -9.32000
-5.68400 -12.85900 -8.31200
-5.45700 -14.35900 -8.40600
-7.17200 -12.53900 -8.45300
-6.41400 -15.14100 -8.34400
-7.49600 -11.08600 -8.26600
-7.94100 -10.15600 -9.14800
-7.37500 -10.44500 -7.05500
-7.72700 -9.18000 -7.19500
-8.07800 -8.97700 -8.45300
-4.31200 -14.77300 -8.47700
-3.93900 -16.17200 -8.58600
-3.60200 -16.76600 -7.21500
-2.75600 -16.35900 -9.53100
-3.35700 -17.95300 -7.08600
-3.05100 -15.95300 -10.96900
-1.82500 -16.10900 -11.85900
-0.79400 -15.02300 -11.60200
0.39400 -15.16400 -12.49200
-3.61100 -15.84400 -6.28900
-3.26600 -16.28100 -4.94500
-1.77600 -16.23400 -4.66400
-1.32700 -16.64100 -3.59200
-1.00100 -15.80500 -5.64800
0.44800 -15.67200 -5.52300
0.97300 -14.53100 -6.39500
1.13600 -16.98400 -5.89500
0.30200 -14.10200 -7.33600
2.11300 -13.96900 -6.05100
2.73000 -12.85200 -6.75800
3.86500 -13.36700 -7.64500
3.26200 -11.78900 -5.77700
4.78900 -14.02300 -7.16000
2.11500 -11.22700 -4.92600
3.97700 -10.66400 -6.53100
2.57600 -10.43800 -3.70700
3.72500 -13.14100 -8.94500
4.83200 -13.46900 -9.83600
5.80100 -12.28900 -9.96900
4.30900 -13.87500 -11.21900
5.57800 -11.23400 -9.38300
3.53500 -12.76600 -11.90600
3.88300 -11.57800 -11.73400
2.56800 -13.07800 -12.63300
6.88700 -12.46900 -10.71100
7.94900 -11.47700 -10.77300
7.43800 -10.17200 -11.38300
9.13300 -12.00000 -11.59400
7.73000 -9.08600 -10.86700
10.27300 -11.03100 -11.71100
10.75800 -10.64100 -12.95300
10.86700 -10.50000 -10.57000
11.81200 -9.74200 -13.06200
11.93000 -9.60200 -10.67200
12.39800 -9.22700 -11.92200
6.71500 -10.22700 -12.45300
6.15200 -9.02300 -13.05500
5.27700 -8.23400 -12.09400
5.39100 -7.01200 -12.00800
4.32000 -8.96900 -11.33600
3.49400 -8.32800 -10.32000
4.35500 -7.62900 -9.27300
2.58200 -9.35900 -9.64100
4.06600 -6.49600 -8.88300
1.51900 -9.91400 -10.57800
1.14600 -9.21900 -11.55500
1.04500 -11.03900 -10.33600
5.34800 -8.25800 -8.89800
6.24200 -7.78900 -7.84800
6.89500 -6.46900 -8.24200
7.32000 -8.83600 -7.54700
6.82000 -5.48800 -7.50000
8.25800 -8.44500 -6.43800
9.57800 -8.10200 -6.71100
7.82000 -8.41400 -5.11700
10.44500 -7.73400 -5.68400
8.68000 -8.04700 -4.09000
9.99200 -7.71100 -4.37500
7.49200 -6.40200 -9.42200
8.21100 -5.21900 -9.89100
7.22700 -4.07000 -10.10200
8.98400 -5.50800 -11.19500
7.45700 -2.95500 -9.62500
9.57800 -4.22300 -11.77300
10.07800 -6.53900 -10.94500
6.13700 -4.30100 -10.79700
5.16800 -3.24800 -11.09400
4.54300 -2.70900 -9.81200
4.07800 -3.76600 -12.03100
4.30500 -1.50500 -9.68800
4.54300 -3.96500 -13.46100
3.39300 -4.36300 -14.38300
3.83800 -5.24200 -15.45300
4.60900 -3.53900 -16.81200
4.77300 -5.71900 -17.50000
4.40600 -4.83200 -16.59400
4.31200 -3.58600 -8.89800
3.67600 -3.16200 -7.65600
4.63700 -2.36100 -6.78500
3.16000 -4.37500 -6.87900
4.23800 -1.38400 -6.14800
2.13100 -5.03100 -7.59800
5.90600 -2.70300 -6.76200
6.89100 -2.00200 -5.94500
7.16400 -0.60900 -6.50400
8.19500 -2.80300 -5.87500
7.69500 0.25300 -5.79700
8.25000 -3.92600 -4.84000
9.55500 -4.69900 -4.96100
8.07800 -3.36500 -3.43400
6.80500 -0.38400 -7.72700
7.03500 0.87700 -8.42200
6.47300 2.06100 -7.64100
6.43400 0.83300 -9.82800
7.10900 3.11100 -7.55100
6.70700 2.09400 -10.62500
5.64800 2.79500 -11.00800
7.86300 2.43600 -10.88300
5.30500 1.89000 -7.00400
4.62500 2.99800 -6.34000
5.43800 3.44700 -5.12900
3.19300 2.60900 -5.91000
5.31600 4.59400 -4.68400
3.23000 1.62400 -4.74200
2.39300 3.85500 -5.53500
6.39500 2.61700 -4.63700
7.18400 2.94300 -3.45500
8.49200 3.61300 -3.84600
7.46100 1.68200 -2.63300
9.25800 4.03900 -2.98000
6.22300 1.03100 -2.07600
5.56600 1.57800 -0.98200
5.71900 -0.12800 -2.65000
4.41800 0.97900 -0.46700
4.57400 -0.73300 -2.14100
3.92600 -0.17900 -1.04800
8.75000 3.66600 -5.14100
9.96100 4.32000 -5.62900
9.91400 5.82400 -5.38700
10.16400 4.03500 -7.11700
8.88300 6.46100 -5.60900
11.52300 4.41000 -7.62500
12.60900 3.65200 -7.88700
11.87500 5.70700 -7.91800
13.12500 5.73400 -8.34400
13.59400 4.50000 -8.32800
11.03900 6.42600 -4.93000
11.09400 7.85500 -4.60500
10.74200 8.74200 -5.79300
12.55500 8.06200 -4.18800
10.26600 9.86700 -5.60900
13.00000 6.73400 -3.67600
12.32800 5.66000 -4.48400
10.90600 8.31200 -6.98800
10.70300 9.14100 -8.17200
9.23400 9.14100 -8.60200
11.57000 8.64800 -9.32800
8.83600 9.90600 -9.47700
11.11700 7.38700 -9.79700
8.46100 8.28100 -8.00800
7.05100 8.18800 -8.36700
6.28100 9.35200 -7.73000
6.44100 6.84000 -7.92200
6.57800 9.75800 -6.60500
4.93400 6.82400 -8.15600
7.11300 5.68400 -8.65600
5.27000 9.96100 -8.45300
4.53500 11.14800 -8.03100
3.74400 10.88300 -6.75800
3.59400 11.62500 -9.14100
3.32200 9.75800 -6.50800
2.54300 10.69500 -9.33600
3.57400 11.91400 -6.02000
2.76600 11.84400 -4.80900
1.33400 11.42200 -5.12500
2.77000 13.19500 -4.08600
0.71000 10.69500 -4.35200
2.21700 13.13300 -2.66800
2.47500 14.40600 -1.88100
1.92000 14.47700 -0.67600
3.16800 15.31200 -2.35200
0.84200 11.84400 -6.25800
-0.51700 11.50800 -6.67600
-0.69700 10.00000 -6.82400
-0.86200 12.21100 -7.99200
-1.71300 9.44500 -6.39800
-2.30700 12.01600 -8.43000
-2.65400 12.77300 -9.70300
-3.82600 12.72700 -10.14100
-1.74400 13.42200 -10.26600
0.24900 9.36700 -7.44100
0.20300 7.91400 -7.59000
0.21900 7.21900 -6.23000
1.37500 7.42200 -8.44500
-0.48300 6.22700 -6.02300
1.21100 7.75000 -9.92200
0.07600 8.03100 -10.35900
2.22700 7.71900 -10.64800
0.95600 7.76200 -5.34400
1.04600 7.19900 -3.99800
-0.26000 7.38700 -3.23400
2.20300 7.83600 -3.22700
-0.72600 6.47300 -2.55300
3.57600 7.53900 -3.81200
4.68400 8.17200 -2.98600
6.05500 7.94500 -3.61500
7.15200 8.48400 -2.76200
-0.82100 8.53100 -3.40000
-2.10000 8.82800 -2.76800
-3.17000 7.87100 -3.28500
-2.52700 10.29700 -3.02100
-3.96100 7.33600 -2.50400
-1.61600 11.25800 -2.25200
-3.99400 10.50000 -2.63700
-1.80700 12.71900 -2.62500
-3.13300 7.62900 -4.53100
-4.09400 6.72300 -5.14800
-3.90200 5.29300 -4.64100
-3.96900 6.75800 -6.67200
-4.87900 4.57800 -4.40200
-4.53900 8.02300 -7.28500
-5.32800 8.72700 -6.61300
-4.19900 8.32800 -8.45300
-2.69500 4.93800 -4.52300
-2.37100 3.59800 -4.04700
-2.88900 3.38900 -2.62700
-0.85800 3.36300 -4.09000
-3.48800 2.35500 -2.32600
-0.45100 1.96100 -3.72500
0.01100 1.66700 -2.44700
-0.53000 0.93600 -4.66000
0.38900 0.37100 -2.10500
-0.15400 -0.36200 -4.32400
0.30600 -0.64300 -3.04900
-2.71900 4.29700 -1.70900
-3.17000 4.19500 -0.32500
-4.69500 4.13700 -0.28200
-2.65600 5.37900 0.52400
-5.27000 3.43800 0.55600
-1.13500 5.29700 0.69200
-3.35500 5.41000 1.88600
-0.53900 6.43400 1.51300
-5.29300 4.88700 -1.15900
-6.74200 4.80100 -1.26200
-7.18800 3.36100 -1.49200
-7.25800 5.69500 -2.39300
-8.11700 2.88100 -0.84500
-8.75800 5.71500 -2.52000
-9.40600 4.86700 -3.41400
-9.52300 6.57800 -1.74500
-10.78900 4.88300 -3.53300
-10.90600 6.59800 -1.85900
-11.53900 5.75000 -2.75400
-6.49600 2.65200 -2.37900
-6.82000 1.26000 -2.68200
-6.61300 0.37000 -1.46000
-5.96900 0.75300 -3.84800
-7.34400 -0.60400 -1.26600
-6.33200 1.36600 -5.19100
-5.46900 0.80500 -6.31200
-5.79700 1.45600 -7.65200
-4.91000 0.95100 -8.74200
-5.69100 0.76300 -0.66500
-5.39800 0.00100 0.54300
-6.52700 0.17900 1.55500
-4.04700 0.42800 1.16500
-6.96500 -0.78800 2.18400
-2.88900 0.04300 0.24000
-3.87300 -0.19400 2.55300
-1.52400 0.50800 0.73200
-7.07000 1.36700 1.64300
-8.11700 1.65100 2.61700
-9.47700 1.17800 2.10900
-8.17200 3.15000 2.93000
-10.35200 0.82400 2.90200
-7.22300 3.57400 4.02300
-7.63700 3.61100 5.35500
-5.91400 3.94300 3.73000
-6.76600 4.00400 6.36700
-5.03500 4.33600 4.73400
-4.60500 4.75400 7.04700
-5.47300 4.36300 6.04700
-9.75000 1.24700 0.81900
-10.98400 0.74700 0.23700
-11.01600 -0.78000 0.22800
-11.17200 1.28400 -1.18400
-10.79700 -1.40400 -0.81300
-12.48400 0.85400 -1.81700
-13.41400 0.45500 -1.08400
-12.58600 0.91200 -3.06200
-11.37500 -1.42900 1.40000
-11.24200 -2.85700 1.66100
-12.18000 -3.66200 0.76500
-11.53900 -3.16400 3.13100
-11.79700 -4.71100 0.24300
-10.59400 -2.54100 4.15600
-11.04700 -2.87700 5.57400
-9.16400 -3.01800 3.92400
-13.24200 -3.16600 0.46600
-14.25000 -3.89500 -0.29700
-14.16400 -3.56100 -1.78400
-15.65600 -3.58000 0.23000
-14.90600 -4.11700 -2.59800
-15.88300 -4.08600 1.64300
-15.29700 -5.12100 2.02300
-16.67200 -3.44700 2.38100
-13.27300 -2.60500 -2.18200
-13.06200 -2.26000 -3.57800
-14.27300 -1.59700 -4.21500
-14.57000 -1.83800 -5.38700
-15.01600 -0.84900 -3.47700
-16.25000 -0.21700 -3.94300
-15.93800 1.10300 -4.64500
-17.21900 0.03200 -2.77700
-16.81200 1.68300 -5.29300
-17.56200 -1.27100 -2.06600
-16.60900 0.93000 -1.83900
-14.68000 1.50500 -4.51200
-14.33600 2.81600 -5.03500
-14.53900 3.93400 -4.02700
-14.25800 5.09800 -4.32000
-14.99200 3.56800 -2.85400
-15.19500 4.48800 -1.74000
-14.60200 3.92200 -0.45700
-16.68800 4.77300 -1.54500
-14.53100 2.70500 -0.28300
-17.35900 5.39100 -2.74600
-17.34400 6.76600 -2.93400
-17.98400 4.59000 -3.69100
-17.95300 7.34000 -4.04300
-18.59400 5.15600 -4.80500
-18.57800 6.53100 -4.98000
-14.11700 4.84000 0.40300
-13.75800 4.43800 1.75600
-14.95300 4.61300 2.68900
-12.54700 5.24200 2.27700
-15.39800 5.73800 2.92600
-11.33600 5.03900 1.35800
-12.21100 4.84400 3.71900
-10.17200 5.98400 1.64600
-15.37500 3.48400 3.17200
-16.57800 3.48200 4.01200
-16.20300 3.45900 5.49200
-17.46900 2.28900 3.67000
-15.08600 3.10400 5.85500
-18.00000 2.31100 2.24600
-18.87500 1.10900 1.91500
-18.78100 0.57800 0.78700
-19.67200 0.69600 2.79300
-17.17200 3.84000 6.30900
-16.95300 4.01600 7.73800
-16.43800 2.72700 8.37500
-18.23400 4.46900 8.43000
-15.49200 2.75000 9.16400
-18.04700 4.82800 9.89800
-19.34400 5.34400 10.51600
-19.26600 5.40200 11.97700
-17.92200 7.28100 12.02300
-18.57800 6.27700 13.98400
-18.57800 6.32000 12.65600
-17.07800 1.63400 8.08600
-16.67200 0.36200 8.68000
-15.25000 -0.00400 8.29700
-17.64100 -0.75100 8.25000
-14.53900 -0.64400 9.07800
-17.46900 -1.16900 6.82400
-16.78100 -2.19500 6.27300
-18.06200 -0.49100 5.77700
-17.73400 -1.08500 4.64100
-16.96900 -2.12100 4.91400
-14.78100 0.41600 7.04300
-13.41400 0.15000 6.60200
-12.39800 0.95400 7.41000
-13.26600 0.46500 5.10900
-11.33600 0.44700 7.75800
-14.03900 -0.47400 4.19900
-14.07000 -0.01800 2.75000
-14.17200 -0.87800 1.84600
-13.99200 1.20800 2.51600
-12.74200 2.18600 7.73400
-11.87500 3.00800 8.57000
-11.80500 2.41600 9.97700
-12.36700 4.46900 8.63300
-10.73400 2.35500 10.57800
-11.46900 5.30900 9.53900
-12.43000 5.07000 7.23000
-12.90600 1.98300 10.48400
-12.95300 1.36700 11.80500
-12.06200 0.12900 11.87500
-14.39100 1.00000 12.17200
-11.29700 -0.04000 12.82000
-14.55500 0.47000 13.59400
-16.01600 0.25700 13.94500
-16.18800 -0.22800 15.37500
-17.62500 -0.35400 15.75800
-12.21100 -0.70800 10.86700
-11.40600 -1.92400 10.80500
-9.91400 -1.59800 10.79700
-11.77300 -2.74600 9.57000
-9.13300 -2.24000 11.49200
-11.22700 -4.16400 9.58600
-11.67200 -4.98800 8.39100
-11.07800 -6.16400 8.22700
-12.54700 -4.57000 7.63300
-9.53900 -0.54700 10.02300
-8.14100 -0.14600 9.94500
-7.66000 0.42500 11.27300
-7.93800 0.88300 8.82800
-6.55900 0.11100 11.72700
-8.13300 0.32000 7.43000
-6.94100 -1.02100 7.03900
-5.41800 -0.05200 6.86300
-8.43000 1.15100 11.87500
-8.09400 1.74800 13.16400
-7.88300 0.67300 14.22700
-9.18800 2.71700 13.60900
-6.88700 0.69600 14.95300
-9.00000 3.36900 14.98400
-7.69100 4.14800 15.02300
-10.18000 4.28100 15.30500
-8.75800 -0.25500 14.28900
-8.67200 -1.34200 15.25800
-7.41400 -2.16600 15.00000
-9.92200 -2.24600 15.21100
-6.70700 -2.55100 15.93000
-11.14800 -1.49200 15.75000
-9.68800 -3.53700 16.00000
-12.46100 -2.24800 15.58600
-7.18000 -2.36700 13.69500
-5.98800 -3.12300 13.32800
-4.71900 -2.40200 13.78100
-5.95300 -3.36100 11.82000
-3.80100 -3.02300 14.31200
-4.67200 -1.12500 13.62500
-3.51800 -0.33000 14.03100
-3.36100 -0.33800 15.54700
-3.65600 1.10900 13.52300
-2.24400 -0.43900 16.06200
-3.41800 1.33100 12.03100
-3.82000 2.74800 11.63300
-1.95800 1.06400 11.68000
-4.42600 -0.22800 16.25000
-4.40200 -0.25400 17.70300
-3.91600 -1.60400 18.21900
-5.79700 0.04600 18.26600
-3.14100 -1.66700 19.17200
-6.29300 1.48500 18.12500
-7.76200 1.58300 18.51600
-5.44100 2.43400 18.95300
-4.36700 -2.65600 17.57800
-3.94500 -4.00000 17.95300
-2.45100 -4.19100 17.71900
-4.73400 -5.05100 17.17200
-1.76400 -4.81600 18.53100
-6.44900 -5.21900 17.70300
-1.91400 -3.57600 16.65600
-0.49600 -3.67400 16.32800
0.36200 -2.93900 17.35900
-0.23000 -3.11900 14.93000
1.51400 -3.31100 17.59400
-0.70100 -4.03100 13.81200
-0.43200 -3.46700 12.42200
-0.86100 -4.08600 11.42200
0.21300 -2.39800 12.33600
-0.22700 -1.90500 17.90600
0.49700 -1.11000 18.90600
0.15000 -1.54400 20.31200
0.18700 0.37700 18.71900
0.49300 -0.85800 21.28100
0.55900 0.81700 17.42200
-0.49600 -2.77000 20.43800
-0.90100 -3.32400 21.71900
-1.68800 -2.30100 22.53100
0.32100 -3.79900 22.51600
-1.46300 -2.15200 23.73400
0.99000 -5.01600 21.89100
0.28300 -5.97700 21.53100
2.23400 -5.01200 21.78100
-2.44500 -1.48500 21.76600
-3.33000 -0.49700 22.37500
-4.79300 -0.87100 22.15600
-3.05700 0.89600 21.79700
-5.14100 -1.49100 21.15600
-1.69300 1.45500 22.17200
-1.44100 3.16200 21.54700
0.16000 3.54700 22.31200
-5.59800 -0.60000 23.17200
-7.04300 -0.77500 23.06200
-7.78500 0.48100 23.50000
-7.50400 -1.97800 23.89100
-7.37100 1.15000 24.45300
-6.99600 -3.31400 23.37500
-7.57400 -4.47700 24.17200
-7.04300 -5.81600 23.67200
-7.66000 -6.96500 24.40600
-8.68800 0.82800 22.76600
-9.53900 1.95500 23.12500
-10.97700 1.49500 23.35900
-9.50800 3.02000 22.01600
-11.39100 0.45900 22.84400
-8.14800 3.66200 21.73400
-8.26600 4.66000 20.59400
-7.60900 4.34400 22.98400
-11.63300 2.19300 24.23400
-13.05500 1.92600 24.42200
-13.82800 2.14800 23.12500
-13.61700 2.80700 25.53100
-13.46900 3.01000 22.32800
-14.90600 1.35000 22.98400
-15.71900 1.40900 21.78100
-16.23400 2.82600 21.53100
-16.89100 0.43300 21.87500
-16.26600 3.29300 20.39100
-16.48400 -1.00700 21.60900
-15.37500 -1.24300 21.09400
-17.29700 -1.91300 21.90600
-16.62500 3.53300 22.56200
-17.15600 4.88700 22.42200
-16.07800 5.84000 21.90600
-17.70300 5.39500 23.76600
-16.35900 6.72300 21.09400
-19.03100 4.76200 24.12500
-19.68800 4.16400 23.25000
-19.42200 4.85900 25.31200
-14.84400 5.65200 22.39100
-13.72700 6.47300 21.92200
-13.43000 6.21100 20.45300
-12.45300 6.20300 22.76600
-13.20300 7.14800 19.68800
-11.30500 7.10200 22.31200
-12.73400 6.45700 24.14100
-13.48400 4.98000 20.06200
-13.29700 4.60500 18.67200
-14.35900 5.27300 17.79700
-13.34400 3.07000 18.48400
-14.04700 5.84400 16.75000
-13.37500 2.70900 17.00000
-12.15600 2.41200 19.17200
-15.61700 5.26600 18.26600
-16.71900 5.87100 17.51600
-16.53100 7.37900 17.39100
-18.06200 5.56600 18.20300
-16.82800 7.95700 16.32800
-18.50000 4.11700 18.07800
-18.65600 3.66200 16.64100
-18.37500 2.48000 16.32800
-19.07800 4.49600 15.79700
-16.03100 7.98000 18.43800
-15.77300 9.41400 18.42200
-14.68800 9.75800 17.40600
-15.35900 9.92200 19.81200
-14.82000 10.72700 16.65600
-15.07800 11.42200 19.79700
-16.42200 9.66400 20.75000
-13.63300 8.98400 17.34400
-12.55500 9.18000 16.37500
-13.09400 9.03100 14.96100
-11.39800 8.18000 16.60900
-12.79700 9.84400 14.08600
-10.71900 8.46900 17.95300
-10.38300 8.24200 15.46900
-9.68800 7.41800 18.37500
-13.93000 8.05500 14.78100
-14.51600 7.82000 13.46100
-15.39800 8.99200 13.03900
-15.32800 6.52300 13.46100
-15.33600 9.43800 11.89800
-14.53100 5.22300 13.53900
-15.46900 4.03900 13.74200
-13.69500 5.03500 12.27300
-16.20300 9.49200 13.95300
-17.07800 10.62500 13.67200
-16.28100 11.85200 13.25000
-17.93800 10.95300 14.89800
-16.60900 12.51600 12.26600
-19.01600 9.91400 15.15600
-19.34400 9.13300 14.24200
-19.54700 9.89100 16.29700
-15.21900 12.07000 13.96900
-14.39100 13.23400 13.67200
-13.68000 13.07800 12.32800
-13.36700 13.46100 14.78100
-13.54700 14.04700 11.57800
-13.96100 13.99200 16.07800
-12.87500 14.29700 17.10900
-13.46900 14.84400 18.40600
-12.42200 15.07800 19.43800
-13.23400 11.89800 12.11700
-12.55500 11.62500 10.85900
-13.49200 11.86700 9.67200
-12.02300 10.18000 10.80500
-13.11700 12.54700 8.71100
-11.34400 9.89100 9.46900
-11.07800 9.98400 11.86700
-14.72700 11.40600 9.72700
-15.66400 11.53100 8.61700
-16.20300 12.96100 8.52300
-16.82800 10.54700 8.77300
-16.51600 13.43800 7.43000
-16.57800 9.21100 8.11700
-17.18800 8.89800 6.91000
-15.74200 8.28100 8.71100
-16.96900 7.66400 6.29700
-15.51600 7.04300 8.10200
-16.12500 6.73800 6.89800
-16.29700 13.58600 9.64100
-16.65600 15.00000 9.60900
-15.61700 15.82000 8.84400
-16.81200 15.54700 11.02300
-15.96100 16.75000 8.11700
-17.31200 16.98400 11.07800
-17.48400 17.48400 12.50000
-17.96900 18.71900 12.63300
-17.18800 16.78100 13.46900
-14.44500 15.39100 8.98400
-13.33600 16.10900 8.35900
-13.16400 15.69500 6.89800
-12.03100 15.85900 9.12500
-12.96900 16.54700 6.02700
-10.89800 16.76600 8.69500
-11.16400 17.78100 8.01600
-9.73400 16.46900 9.02300
-13.23400 14.47700 6.59800
-12.85900 13.93800 5.28900
-14.05500 13.93800 4.34000
-12.30500 12.52300 5.43800
-13.90600 14.20300 3.14500
-15.28100 13.58600 4.75800
-16.48400 13.42200 3.95700
-17.21900 14.75800 3.77300
-17.43800 12.40600 4.59800
-18.21900 15.02300 4.43800
-18.65600 12.10200 3.75000
-18.62500 12.35200 2.52500
-19.65600 11.61700 4.30900
-16.79700 15.64100 2.82200
-17.25000 17.01600 2.65600
-18.68800 17.04700 2.10700
-16.32800 17.79700 1.72000
-19.45300 17.96900 2.42200
-14.94500 18.00000 2.35400
-16.17200 17.07800 0.49100
-19.06200 16.09400 1.33400
-20.42200 16.09400 0.80600
-21.37500 15.32800 1.71700
-20.45300 15.50800 -0.60600
-22.56200 15.18800 1.40400
-20.04700 14.03900 -0.63800
-20.14100 13.43000 -1.81200
-19.67200 13.46900 0.38500
-20.93800 14.66400 2.80900
-21.70300 14.03900 3.87700
-22.57800 12.91400 3.33600
-22.57800 15.08600 4.58600
-23.75000 12.78900 3.71100
-21.78100 16.15600 5.30500
-22.65600 17.12500 6.07400
-22.04700 17.90600 6.96500
-23.87500 17.17200 5.86700
-22.04700 12.13300 2.50000
-22.81200 11.00800 1.96300
-22.45300 9.70300 2.67400
-22.57800 10.86700 0.45800
-22.92200 8.63300 2.28900
-21.12500 10.54700 0.11400
-20.26600 10.60200 1.01200
-20.85900 10.24200 -1.06600
-21.62500 9.87500 3.71100
-21.31200 8.72700 4.54700
-20.18800 7.87500 3.98400
-19.82800 6.84400 4.56200
-19.54700 8.27300 2.91000
-18.40600 7.59800 2.29900
-17.39100 8.60900 1.75900
-18.85900 6.67200 1.17600
-17.73400 9.75800 1.48400
-19.70300 7.36300 0.10900
-20.29700 6.35900 -0.87000
-21.17200 7.04300 -1.91200
-21.90600 6.05500 -2.75000
-16.14100 8.18800 1.72200
-15.08600 9.06200 1.24600
-14.70300 8.68800 -0.18300
-13.84400 9.00000 2.16600
-14.23400 7.57000 -0.43200
-14.21900 9.43000 3.59200
-12.71900 9.87500 1.61000
-13.14100 9.14800 4.62500
-14.92200 9.62500 -1.10000
-14.55500 9.38300 -2.49000
-13.11700 9.82000 -2.76400
-15.51600 10.10200 -3.43600
-12.45300 10.36700 -1.88200
-15.53100 11.60900 -3.22900
-14.44500 12.21900 -3.09400
-16.64100 12.19500 -3.19300
-12.62500 9.64800 -4.00400
-11.23400 9.89800 -4.36700
-10.87500 11.36700 -4.15200
-10.98400 9.50800 -5.82400
-9.78900 11.67200 -3.65400
-10.86700 8.00800 -6.05100
-10.33600 7.68400 -7.43800
-10.35200 6.24600 -7.69900
-8.52300 6.28100 -9.10900
-9.58600 4.30100 -8.64800
-9.48400 5.61300 -8.48400
-11.75800 12.25800 -4.52000
-11.50000 13.68800 -4.35900
-11.39800 14.06200 -2.88500
-12.58600 14.50800 -5.04700
-10.50000 14.80500 -2.48600
-12.54700 14.40600 -6.56200
-11.43800 14.27300 -7.13300
-13.62500 14.46900 -7.19100
-12.33600 13.55500 -2.04300
-12.30500 13.80500 -0.60400
-11.03100 13.24200 0.02800
-13.53900 13.20300 0.07100
-10.43800 13.87500 0.90400
-14.83600 13.93800 -0.25300
-16.07800 13.18000 0.18500
-17.14100 13.81200 0.36800
-15.98400 11.93800 0.34700
-10.66400 12.10900 -0.45200
-9.44500 11.46900 0.03700
-8.21900 12.30500 -0.29000
-9.30500 10.06200 -0.56500
-7.35200 12.50800 0.56600
-8.00800 9.39100 -0.22800
-6.96500 9.13300 -1.07700
-7.61700 8.87500 1.05000
-6.32400 8.32800 0.90300
-8.23400 8.83600 2.30700
-5.94900 8.49200 -0.40300
-6.26600 7.70700 3.18600
-5.64100 7.73400 1.96800
-7.55100 8.24200 3.36500
-8.10200 12.74200 -1.47000
-6.96900 13.56200 -1.89200
-6.85500 14.82000 -1.03900
-7.09800 13.93800 -3.36900
-5.75800 15.19500 -0.61400
-6.80100 12.78900 -4.32400
-6.90600 13.19500 -5.78100
-6.52000 12.29700 -6.68000
-7.32800 14.31200 -6.09800
-7.98400 15.43000 -0.80600
-7.99600 16.64100 0.01100
-7.59400 16.32800 1.45000
-9.37500 17.29700 -0.02100
-6.79700 17.06200 2.04500
-9.74200 17.89100 -1.37200
-11.14100 18.46900 -1.39500
-11.84400 18.29700 -2.51000
-11.59400 19.07800 -0.41800
-8.18800 15.22700 1.90000
-7.91400 14.82000 3.27300
-6.43800 14.50000 3.45900
-8.76600 13.60900 3.65800
-5.81200 14.94500 4.42600
-8.57000 13.15600 5.07800
-7.92200 11.95300 5.35500
-9.03100 13.92200 6.14100
-7.73800 11.53100 6.66800
-8.85200 13.50000 7.45300
-8.20300 12.30500 7.71500
-5.86300 13.76600 2.56400
-4.45700 13.39100 2.62300
-3.58200 14.63300 2.46500
-4.10200 12.35200 1.53900
-2.52000 14.73400 3.08600
-2.59000 12.14100 1.46300
-4.81200 11.02300 1.81800
-4.00800 15.54700 1.59000
-3.30100 16.81200 1.44000
-3.15200 17.57800 2.74600
-2.13300 18.21900 2.97900
-4.10500 17.46900 3.63900
-4.09000 18.15600 4.93000
-3.38700 17.31200 5.98400
-5.51600 18.48400 5.38300
-2.97900 17.82800 7.02700
-6.21900 19.50000 4.51200
-7.60200 19.84400 5.05100
-8.54700 18.75000 4.84000
-10.41400 20.00000 5.39800
-10.63300 17.79700 4.78900
-9.86700 18.84400 5.00800
-3.25400 16.06200 5.63300
-2.60700 15.12500 6.54700
-1.54800 14.28900 5.83600
-3.64600 14.21900 7.20700
-1.74400 13.09400 5.60500
-4.69100 14.99200 7.98800
-5.82000 15.27300 7.34800
-4.48000 15.33600 9.15600
-0.40800 14.82000 5.48400
0.62000 14.14800 4.68800
1.26400 12.97700 5.42600
1.64400 15.25800 4.42200
1.87800 12.10900 4.79700
1.33700 16.31200 5.43800
-0.11400 16.20300 5.80900
1.10400 12.93800 6.73800
1.69400 11.85900 7.53100
1.12000 10.50000 7.13700
1.46700 12.10900 9.02300
1.72900 9.46100 7.40200
0.08200 12.13300 9.32000
-0.06500 10.52300 6.41000
-0.68800 9.28100 5.96500
0.13700 8.62500 4.86300
-2.11100 9.54700 5.46500
0.01800 7.41800 4.62900
-3.15200 9.88300 6.53100
-4.48000 10.25800 5.87500
-3.33400 8.71900 7.49600
1.04600 9.42200 4.30100
1.81200 8.92200 3.16600
3.19900 8.46100 3.60700
1.93800 9.99200 2.08600
4.01600 8.05500 2.77900
0.63900 10.43000 1.40700
0.90600 11.57000 0.43100
-0.01300 9.25000 0.69400
3.52300 8.58600 4.89100
4.87900 8.33600 5.36700
5.31600 6.90600 5.06600
4.97700 8.60200 6.87100
6.48800 6.65600 4.77300
6.39800 8.62500 7.40600
6.43800 9.00800 8.88300
7.85500 8.96100 9.43800
7.90600 9.39800 10.85900
4.47700 5.99600 4.82800
4.81600 4.58600 4.68800
5.02700 4.25000 3.21300
3.71900 3.68000 5.29300
5.49600 3.16000 2.88100
3.53500 3.98400 6.78100
4.05900 2.20100 5.07400
2.20700 3.50800 7.35200
5.05100 5.30100 2.27500
4.90600 4.95700 0.86400
6.23800 5.09000 0.13200
3.85200 5.84000 0.19900
6.41400 4.53100 -0.95300
2.42600 5.49600 0.59600
2.00600 3.74000 0.26300
2.10500 3.72700 -1.54800
7.19100 5.83600 0.77800
8.44500 6.02300 0.06200
9.56200 5.20300 0.70700
8.85200 7.50800 0.02100
9.89100 5.40200 1.87800
10.12500 7.70700 -0.79900
7.79300 8.27300 -0.56600
10.00800 4.21900 -0.04100
11.12500 3.38700 0.39200
12.43000 3.83200 -0.27200
10.85200 1.91500 0.07300
12.70300 3.46500 -1.41700
9.60200 1.30700 0.69900
9.39800 -0.12200 0.20500
9.68800 1.34400 2.22100
13.23400 4.63700 0.47600
14.44500 5.24200 -0.07600
15.44500 4.20700 -0.58800
15.02300 6.02000 1.11000
16.20300 4.48000 -1.52400
13.85200 6.27700 2.00400
12.87500 5.15200 1.84100
15.45300 3.01000 -0.08700
16.42200 1.98900 -0.44500
16.17200 1.45200 -1.84700
16.40600 0.84100 0.56800
17.03100 0.80800 -2.44300
15.03900 0.22900 0.75800
14.20300 0.65300 1.78900
14.57800 -0.77400 -0.08900
12.94500 0.09100 1.97000
13.32000 -1.34300 0.08200
11.26600 -1.46500 1.28700
12.51600 -0.90400 1.11200
14.99200 1.72800 -2.39600
14.68000 1.25500 -3.74000
15.49200 2.00800 -4.78900
13.18800 1.41600 -4.03100
15.75000 1.48500 -5.87500
12.25000 0.43600 -3.32200
10.80500 0.69900 -3.72700
12.64100 -1.00300 -3.63500
15.95300 3.18400 -4.50400
16.82800 3.94900 -5.38700
18.20300 3.30300 -5.48800
16.95300 5.39100 -4.89100
18.84400 3.34800 -6.54300
17.67200 6.31600 -5.86700
17.67200 7.75800 -5.38700
16.43800 8.45300 -5.77000
16.75000 10.22700 -4.32400
14.89800 10.15600 -5.67600
16.03100 9.60900 -5.25400
18.60900 2.63100 -4.44500
19.96900 2.07000 -4.39500
19.92200 0.55700 -4.20300
20.78100 2.72300 -3.27300
20.76600 -0.00800 -3.50000
20.92200 4.22300 -3.44900
21.32800 4.67200 -4.54700
20.65600 4.96500 -2.48000
18.84400 -0.01600 -4.67200
18.65600 -1.43500 -4.39800
19.81200 -2.24200 -4.97700
17.31200 -1.93800 -4.96900
20.12500 -3.33000 -4.48800
16.96900 -3.31800 -4.39800
17.34400 -1.97400 -6.50000
15.52300 -3.74600 -4.63300
20.50000 -1.76300 -5.89800
21.62500 -2.46900 -6.50800
22.78100 -2.60400 -5.52000
22.10900 -1.74900 -7.77700
23.57800 -3.53900 -5.60900
21.04700 -1.76700 -8.86700
22.42200 -0.38900 -7.45700
22.87500 -1.72000 -4.53100
23.96900 -1.75200 -3.56100
23.62500 -2.68400 -2.40000
24.28100 -0.34400 -3.01800
24.53100 -3.18400 -1.71800
24.70300 0.59800 -4.14100
23.10900 0.18300 -2.38300
22.34400 -2.90000 -2.06800
21.84400 -3.70500 -0.95900
21.93800 -5.19100 -1.28500
20.39100 -3.34600 -0.62000
22.20300 -6.01200 -0.40200
19.93800 -4.03500 0.66300
20.28100 -1.92600 -0.45100
21.92200 -5.54700 -2.51800
22.10900 -6.92200 -2.95300
23.32800 -7.02700 -3.87900
20.85900 -7.45300 -3.66000
23.17200 -7.00000 -5.10200
19.67200 -7.59800 -2.75400
19.51600 -8.73400 -1.97500
18.71900 -6.59800 -2.68000
18.40600 -8.87500 -1.13500
17.60900 -6.72700 -1.84300
17.45300 -7.87100 -1.07200
24.54700 -6.82000 -3.31400
25.76600 -6.78900 -4.14500
25.89100 -8.02300 -5.03100
26.89100 -6.72700 -3.11500
26.68800 -8.02300 -5.97700
26.21900 -6.85500 -1.78900
24.73400 -6.89800 -2.01800
25.03100 -9.10900 -4.77700
25.35900 -10.25000 -5.63300
25.29700 -9.86700 -7.10500
24.42200 -11.42200 -5.34800
25.85900 -10.54700 -7.95700
23.07800 -11.00800 -5.40200
24.85900 -8.53900 -7.44500
24.70300 -8.03900 -8.80500
25.90600 -7.21500 -9.21900
23.42200 -7.20300 -8.93000
26.25000 -7.14800 -10.40600
23.03100 -6.90600 -10.35200
23.28100 -5.66000 -10.90600
22.40600 -7.87100 -11.12500
22.90600 -5.37900 -12.22700
22.03100 -7.60200 -12.43800
22.28100 -6.35500 -12.98400
26.76600 -6.71900 -8.25800
27.92200 -6.00000 -8.75800
28.92200 -6.98400 -9.36700
28.60900 -5.17600 -7.64500
29.57800 -6.68000 -10.36700
29.87500 -4.51200 -8.16400
27.64100 -4.12900 -7.09000
28.54700 -8.30500 -9.67200
29.56200 -9.10900 -10.34400
28.96900 -9.89100 -11.50800
30.23400 -10.07000 -9.35900
29.67200 -10.27300 -12.43800
31.64100 -9.70300 -9.00800
32.71900 -10.12500 -9.79700
31.92200 -8.93000 -7.88300
34.03100 -9.78900 -9.47700
33.21900 -8.58600 -7.55500
34.28100 -9.01600 -8.35200
27.71900 -9.61700 -12.01600
27.40600 -10.40600 -13.20300
26.89100 -9.52300 -14.33600
26.39100 -11.49200 -12.86700
26.39100 -10.03100 -15.34400
26.93800 -12.58600 -12.00000
27.43800 -13.79700 -12.32000
26.98400 -12.48400 -10.63300
27.51600 -13.59400 -10.13300
27.79700 -14.40600 -11.14100
27.20300 -8.15600 -14.35200
26.89100 -7.43400 -15.57800
27.92200 -7.71500 -16.65600
26.81200 -5.93000 -15.31200
29.12500 -7.50400 -16.45300
28.01600 -5.46500 -14.71900
28.25000 -9.02300 -17.01600
28.96900 -9.28100 -18.26600
28.46900 -8.38300 -19.39100
28.84400 -10.75000 -18.67200
27.34400 -8.53900 -19.85900
29.93800 -11.64100 -18.09400
29.85900 -13.07800 -18.59400
30.76600 -13.88300 -18.25000
28.90600 -13.39100 -19.32800
28.51600 -7.09800 -19.23400
28.67200 -6.27700 -20.43800
29.96900 -6.65200 -21.15600
28.67200 -4.77000 -20.09400
31.04700 -6.64500 -20.56200
28.70300 -3.93200 -21.37500
27.43800 -4.41800 -19.25000
30.07800 -7.91000 -21.71900
30.75000 -8.23400 -22.98400
31.12500 -6.96100 -23.73400
29.87500 -9.12500 -23.85900
30.26600 -6.25400 -24.25000
30.25000 -10.59400 -23.78100
31.39100 -10.90600 -23.35900
29.40600 -11.43800 -24.14100
32.00000 -6.15200 -23.21900
32.87500 -5.40200 -24.09400
33.62500 -6.33200 -25.04700
33.87500 -4.57000 -23.28100
34.46900 -7.11300 -24.62500
33.31200 -3.23000 -22.81200
34.34400 -2.37100 -22.10900
34.03100 -1.22400 -21.71900
35.50000 -2.85000 -21.92200
32.84400 -7.13300 -25.84400
33.34400 -7.61300 -27.12500
32.62500 -6.92200 -28.28100
33.15600 -9.13300 -27.23400
31.42200 -7.07800 -28.45300
34.18800 -9.99200 -26.50000
33.59400 -11.34400 -26.14100
35.46900 -10.16400 -27.35900
32.96900 -5.69100 -28.67200
32.90600 -5.30100 -30.07800
33.93800 -4.20700 -30.39100
31.51600 -4.83200 -30.45300
34.12500 -3.27000 -29.60900
35.21900 -4.59800 -30.73400
36.06200 -3.93200 -31.71900
36.46900 -2.53500 -31.25000
35.34400 -3.83200 -33.09400
35.62500 -1.80700 -30.68800
35.46900 -5.14100 -33.84400
33.96900 -3.52900 -32.87500
