2.20900 6.37500 3.20100
2.01800 5.75800 1.89200
2.78900 6.51200 0.81500
0.53200 5.70700 1.53200
3.40800 5.89800 -0.05600
0.24300 5.00400 0.21600
-1.53100 5.07800 -0.24600
-2.21500 3.85900 0.91400
2.73200 7.84400 1.02500
3.41600 8.69500 0.05800
4.91400 8.42200 0.05500
3.15600 10.17200 0.36700
5.52300 8.28100 -1.00900
1.77200 10.71100 -0.00300
1.51800 12.04700 0.69300
1.64300 10.85900 -1.51600
5.46900 8.30500 1.28500
6.91000 8.10200 1.39400
7.30100 6.70300 0.91300
7.37500 8.31200 2.83400
8.35200 6.52700 0.29200
7.31600 9.75800 3.29500
7.80500 9.94500 4.71900
8.18800 11.16400 5.06200
7.83200 8.99200 5.50800
6.46500 5.71900 1.34300
6.68400 4.34800 0.90000
6.66800 4.25800 -0.62100
5.61700 3.42200 1.48500
7.58600 3.69700 -1.22200
5.83600 1.68600 1.04000
5.63700 4.79300 -1.25400
5.50800 4.72700 -2.70500
6.55500 5.60200 -3.38500
4.10500 5.16400 -3.13900
7.04700 5.26200 -4.46500
2.96100 4.21100 -2.79100
1.62300 4.80900 -3.21100
3.17600 2.85400 -3.45300
6.94500 6.77000 -2.71300
8.05500 7.58200 -3.20700
9.35900 6.79300 -3.20500
8.20300 8.85200 -2.36700
10.18000 6.93000 -4.11700
9.18800 9.85900 -2.94900
8.76600 10.39800 -4.30500
9.64100 10.80500 -5.09800
7.54300 10.41400 -4.57800
9.52300 6.00400 -2.15200
10.69500 5.14100 -2.08600
10.75000 4.12500 -3.21300
11.80500 3.89100 -3.79300
9.56200 3.49400 -3.48200
9.48400 2.56100 -4.60200
9.85900 3.27700 -5.89500
8.07800 1.93700 -4.71900
10.61700 2.74400 -6.71100
7.78900 1.03100 -3.51600
7.94100 1.16000 -6.03100
6.35500 0.52100 -3.45300
9.36700 4.55100 -5.88300
9.64800 5.41400 -7.02700
11.14100 5.66800 -7.16800
8.89800 6.73800 -6.89800
11.70300 5.52000 -8.25800
9.11700 7.69100 -8.06200
8.39800 9.01600 -7.84800
8.76600 10.03100 -8.92200
8.10900 11.35200 -8.68000
11.84400 6.02300 -6.21100
13.26600 6.36700 -6.21500
14.12500 5.15600 -6.55100
13.68000 6.94500 -4.85900
15.07000 5.25800 -7.33200
13.20300 8.36700 -4.62100
13.64800 8.89100 -3.26200
13.07800 10.20300 -2.98000
13.85200 10.30500 -0.80700
12.62500 12.03900 -1.67100
13.18800 10.84400 -1.81900
13.70300 4.01200 -5.95700
14.45300 2.78100 -6.18000
14.32800 2.32200 -7.62900
13.98400 1.65900 -5.23800
15.31200 1.91700 -8.25000
14.86700 0.42600 -5.35900
14.01600 2.12900 -3.88700
13.12500 2.45100 -8.16400
12.87500 2.03100 -9.54700
13.56200 2.97300 -10.53100
11.37500 1.98200 -9.82800
14.10200 2.52700 -11.54700
10.60200 0.81300 -9.21100
9.10200 1.00700 -9.39800
11.05500 -0.50800 -9.82000
13.60200 4.27700 -10.24200
14.24200 5.27300 -11.10200
15.75800 5.09400 -11.12500
13.89100 6.68800 -10.62500
16.39100 5.25800 -12.16400
14.58600 7.65600 -11.39100
16.39100 4.81200 -10.00000
17.82800 4.66000 -9.89800
18.31200 3.46100 -10.70300
18.25000 4.51600 -8.43800
19.39100 3.50800 -11.31200
17.42200 2.53500 -10.87500
17.84400 1.30600 -11.53900
17.68800 1.45700 -13.04700
17.03100 0.08700 -11.03900
18.53100 0.99600 -13.82000
17.40600 -1.16500 -11.82800
17.28100 -0.13500 -9.54700
16.56200 2.13900 -13.46100
16.32800 2.33200 -14.89100
17.42200 3.20900 -15.48400
14.94500 2.96300 -15.15600
17.87500 2.97500 -16.60900
14.77300 3.29700 -16.64100
13.82800 2.02500 -14.68800
18.00000 4.13300 -14.68000
19.04700 5.02000 -15.17200
20.39100 4.30100 -15.24200
19.17200 6.25400 -14.27300
21.18800 4.55900 -16.14100
20.18800 7.12500 -14.75800
20.56200 3.20700 -14.42200
21.81200 2.47900 -14.39100
21.84400 1.39100 -15.46100
22.04700 1.86000 -13.01600
22.89100 1.10200 -16.03100
23.78100 1.48000 -12.67200
20.70300 0.93900 -15.93800
20.60900 -0.25000 -16.78100
20.54700 0.13000 -18.25000
19.39100 -1.08600 -16.39100
20.62500 -0.73700 -19.12500
19.45300 -1.74900 -14.71900
20.32800 1.48000 -18.60900
20.40600 1.81400 -20.03100
21.78100 1.44600 -20.59400
20.12500 3.30300 -20.25000
21.89100 1.04100 -21.75000
18.65600 3.60200 -20.48400
17.90600 2.68200 -20.87500
18.25000 4.77000 -20.29700
22.76600 0.97400 -19.76600
24.07800 0.66700 -20.34400
24.29700 -0.84000 -20.43800
25.18800 1.31000 -19.51600
24.93800 -1.32000 -21.37500
23.34400 -1.71000 -19.89100
23.68800 -3.12500 -19.85900
22.56200 -3.99000 -20.39100
24.07800 -3.56400 -18.45300
22.59400 -5.21900 -20.28100
25.43800 -3.06800 -18.00000
26.03100 -3.88900 -16.85900
27.21900 -3.70900 -16.53100
25.28100 -4.71900 -16.28100
21.43800 -3.41400 -21.09400
20.28100 -4.18000 -21.56200
20.68800 -5.12100 -22.68800
19.17200 -3.24400 -22.01600
19.84400 -5.83600 -23.23400
18.31200 -2.60900 -20.92200
17.84400 -1.22100 -21.34400
17.12500 -3.50000 -20.57800
22.03100 -5.38300 -22.96900
22.31200 -6.23400 -24.12500
22.45300 -7.69500 -23.70300
23.57800 -5.76600 -24.82800
22.18800 -8.60200 -24.50000
24.70300 -5.88300 -23.98400
22.21900 -8.07800 -22.42200
22.25000 -9.50000 -22.09400
21.20300 -9.84400 -21.04700
23.64100 -9.89800 -21.59400
20.87500 -9.01600 -20.20300
24.73400 -9.84400 -22.67200
26.06200 -10.32800 -22.14100
27.15600 -10.21900 -23.18800
28.48400 -10.65600 -22.65600
20.32800 -10.86700 -21.37500
19.43800 -11.45300 -20.39100
20.12500 -11.61700 -19.04700
18.90600 -12.79700 -20.89100
21.29700 -12.02300 -18.98400
19.59400 -10.98400 -17.93800
20.18800 -11.15600 -16.60900
20.37500 -12.62500 -16.21900
19.18800 -10.46900 -15.68000
19.54700 -13.46900 -16.59400
18.15600 -9.88300 -16.60900
18.42200 -10.39800 -17.98400
21.59400 -13.04700 -15.82000
21.93800 -14.36700 -15.31200
21.00000 -14.77300 -14.18000
23.39100 -14.41400 -14.83600
20.75000 -13.98400 -13.26600
24.28100 -15.33600 -15.64800
25.68800 -15.40600 -15.08600
26.68800 -15.07000 -16.09400
28.40600 -16.21900 -15.05500
28.79700 -15.09400 -17.01600
27.96900 -15.46100 -16.04700
20.09400 -15.91400 -14.28900
19.28100 -16.50000 -13.23400
17.79700 -16.34400 -13.46900
16.98400 -16.93800 -12.76600
17.40600 -15.47700 -14.44500
15.99200 -15.29700 -14.77300
15.53100 -16.34400 -15.78100
15.75000 -13.89800 -15.34400
15.94500 -16.32800 -16.93800
14.30500 -13.53900 -15.66400
13.46100 -13.54700 -14.39800
14.22700 -12.18000 -16.35900
14.82000 -17.31200 -15.18800
14.29700 -18.37500 -16.04700
12.91400 -18.00000 -16.59400
14.21900 -19.70300 -15.28100
12.03900 -17.57800 -15.82800
15.59400 -20.25000 -14.91400
16.54700 -20.06200 -15.69500
15.71100 -20.87500 -13.84400
12.75000 -17.85900 -17.96900
11.48400 -17.73400 -18.68800
10.78900 -16.40600 -18.39100
10.56200 -18.90600 -18.32800
9.65600 -16.39100 -17.90600
11.10900 -20.25000 -18.78100
11.02300 -21.25000 -17.90600
11.60900 -20.37500 -19.89100
11.41400 -15.32000 -18.67200
10.79700 -14.00800 -18.46900
9.49200 -13.83600 -19.23400
11.86700 -13.03900 -18.98400
8.63300 -13.04700 -18.82800
12.70300 -13.85200 -19.92200
12.77300 -15.25800 -19.39100
9.31200 -14.69500 -20.26600
8.13300 -14.60900 -21.12500
6.86700 -14.98400 -20.35900
8.29700 -15.50000 -22.35900
5.79700 -14.42200 -20.59400
9.37500 -15.03100 -23.31200
10.77300 -15.49200 -22.92200
11.75000 -15.14800 -23.62500
10.89100 -16.20300 -21.90600
7.01200 -15.89100 -19.45300
5.86700 -16.34400 -18.67200
5.33600 -15.19500 -17.82800
6.23000 -17.54700 -17.78100
4.13700 -14.90600 -17.82800
5.09400 -17.85900 -16.79700
6.55500 -18.76600 -18.62500
6.21100 -14.48400 -17.12500
5.79700 -13.37500 -16.28100
5.26200 -12.21900 -17.10900
6.96900 -12.89800 -15.41400
4.30100 -11.55500 -16.71900
7.28900 -13.74200 -14.17200
8.59400 -13.27300 -13.53900
6.14100 -13.67200 -13.17200
5.88300 -12.01600 -18.21900
5.40600 -10.95300 -19.10900
3.97300 -11.22700 -19.56200
6.32400 -10.82800 -20.32800
3.17600 -10.28900 -19.70300
3.57800 -12.50800 -19.78100
2.23000 -12.87500 -20.18800
1.23500 -12.71100 -19.04700
2.20500 -14.32000 -20.70300
0.05000 -12.46100 -19.28100
2.83600 -14.50000 -22.07800
2.90000 -15.96900 -22.48400
1.56700 -16.53100 -22.65600
2.18900 -18.68800 -22.10900
0.01400 -18.23400 -22.65600
1.26000 -17.81200 -22.46900
1.70500 -12.75800 -17.92200
0.80500 -12.79700 -16.78100
0.71700 -11.43000 -16.09400
1.26100 -13.85900 -15.76600
-0.07300 -11.24200 -15.16400
1.15300 -15.28100 -16.28100
1.61300 -16.32800 -15.28100
1.43300 -17.53100 -15.53900
2.15800 -15.92200 -14.22700
1.61700 -10.54700 -16.50000
1.58700 -9.19500 -15.97700
1.46300 -8.17200 -17.10900
2.84800 -8.89100 -15.14100
1.46500 -8.53900 -18.28100
3.13700 -10.01600 -14.15600
3.96900 -8.74200 -16.01600
1.38500 -6.87100 -16.70300
1.25900 -5.79700 -17.67200
2.64100 -5.41000 -18.20300
0.55200 -4.56200 -17.07800
2.75800 -4.58600 -19.10900
-0.91900 -4.86300 -16.79700
1.26000 -4.11300 -15.79700
3.65800 -6.05500 -17.78100
5.02700 -5.74200 -18.17200
5.40200 -6.45700 -19.46900
6.00800 -6.13300 -17.06200
4.94100 -7.57000 -19.71900
5.87100 -5.29700 -15.81200
6.12900 -3.93000 -15.84400
5.48800 -5.87500 -14.60900
6.00800 -3.15400 -14.69500
5.36300 -5.10500 -13.45300
5.62500 -3.74600 -13.50000
6.25000 -5.80900 -20.25000
6.91000 -6.45700 -21.37500
8.07800 -7.32400 -20.90600
7.41000 -5.41800 -22.37500
8.51600 -7.21900 -19.76600
8.50800 -4.69100 -21.84400
8.63300 -8.17200 -21.82800
9.77300 -9.02300 -21.48400
10.96100 -8.15600 -21.07800
10.16400 -9.93800 -22.67200
11.66400 -8.47700 -20.10900
11.47700 -10.65600 -22.37500
9.04700 -10.93800 -22.95300
11.17200 -7.07000 -21.79700
12.27300 -6.16000 -21.48400
12.09400 -5.53100 -20.10900
12.37500 -5.06200 -22.54700
13.05500 -5.39100 -19.34400
12.67200 -5.61700 -23.81200
10.85200 -5.16800 -19.76600
10.55500 -4.60500 -18.45300
10.76600 -5.63700 -17.34400
9.11700 -4.07400 -18.40600
11.27300 -5.30900 -16.26600
8.90600 -2.79900 -19.20300
7.44500 -2.38900 -19.31200
7.15200 -1.17200 -19.26600
6.59000 -3.29100 -19.43800
10.44500 -6.84000 -17.64100
10.66400 -7.91800 -16.67200
12.16400 -8.09400 -16.43800
10.03900 -9.24200 -17.15600
12.60200 -8.25800 -15.28900
8.50800 -9.15600 -17.14100
10.53100 -10.41400 -16.31200
7.92600 -8.94500 -15.75000
12.92200 -8.08600 -17.42200
14.36700 -8.21900 -17.29700
14.96100 -7.06200 -16.48400
15.03100 -8.28100 -18.67200
15.82800 -7.27000 -15.64100
14.74200 -9.57000 -19.43800
15.24200 -9.54700 -20.85900
15.29700 -10.61700 -21.50000
15.59400 -8.44500 -21.34400
14.46900 -5.82400 -16.75000
14.91400 -4.66400 -15.97700
14.52300 -4.80100 -14.50800
14.32800 -3.38100 -16.56200
15.32000 -4.49200 -13.61700
13.32800 -5.27700 -14.27300
12.86700 -5.47700 -12.89800
13.73400 -6.50000 -12.18000
11.40600 -5.93400 -12.89100
13.99200 -6.37100 -10.97700
10.35900 -4.85200 -13.16400
8.96100 -5.46100 -13.17200
10.45300 -3.74000 -12.11700
14.15600 -7.46500 -12.93000
14.99200 -8.50000 -12.33600
16.32800 -7.92200 -11.87500
15.23400 -9.63300 -13.33600
16.84400 -8.31200 -10.82800
15.95300 -10.82000 -12.74200
17.20300 -11.21100 -13.21900
15.39100 -11.55500 -11.71100
17.87500 -12.30500 -12.68000
16.04700 -12.65600 -11.16400
17.93800 -14.10200 -11.10900
17.28100 -13.01600 -11.64800
16.89100 -7.03100 -12.63300
18.10900 -6.36300 -12.21100
17.90600 -5.57800 -10.92200
18.62500 -5.43400 -13.31200
18.75000 -5.60200 -10.03100
19.15600 -6.16800 -14.54700
20.29700 -7.12500 -14.23400
20.35900 -8.20300 -14.85900
21.10900 -6.79300 -13.35200
16.76600 -4.92200 -10.85200
16.42200 -4.21100 -9.62500
16.26600 -5.18400 -8.46100
15.13300 -3.41200 -9.82000
16.76600 -4.94100 -7.36700
14.60200 -2.66600 -8.59400
15.64800 -1.67500 -8.08600
13.29700 -1.95200 -8.92200
15.60900 -6.20300 -8.71900
15.39100 -7.24200 -7.71900
16.71900 -7.75400 -7.16400
14.58600 -8.39800 -8.31200
16.87500 -7.89500 -5.94900
14.50000 -9.60200 -7.40600
15.32800 -10.71100 -7.60200
13.59400 -9.64100 -6.35500
15.24200 -11.82000 -6.77000
13.50000 -10.75000 -5.51600
14.25000 -12.93000 -4.90600
14.33600 -11.82800 -5.73000
17.65600 -8.00800 -7.98800
18.96900 -8.52300 -7.57000
19.67200 -7.52300 -6.66000
19.82800 -8.82800 -8.78900
20.29700 -7.91800 -5.67200
19.42200 -10.09400 -9.53900
20.48400 -10.50800 -10.55500
20.65600 -9.46100 -11.64100
21.71900 -9.85200 -12.62500
19.53100 -6.28900 -7.03900
20.17200 -5.25000 -6.23400
19.56200 -5.19100 -4.83600
20.04700 -3.88900 -6.91800
20.28100 -5.11700 -3.84000
20.79700 -2.77000 -6.21100
20.75000 -1.47200 -7.01200
21.45300 -0.33700 -6.27700
21.42200 0.93200 -7.06600
18.31200 -5.24200 -4.79700
17.60900 -5.12100 -3.52300
17.84400 -6.37100 -2.67800
16.09400 -4.90600 -3.73200
18.12500 -6.27300 -1.47900
15.83600 -3.58000 -4.46100
15.35200 -4.94100 -2.39100
14.38300 -3.36300 -4.86300
17.79700 -7.54300 -3.25800
17.82800 -8.82000 -2.54700
19.23400 -9.11700 -2.02300
17.35900 -9.95300 -3.45700
19.42200 -10.03900 -1.23200
18.28100 -10.15600 -4.52000
20.20300 -8.32800 -2.33400
21.57800 -8.56200 -1.89600
22.06200 -7.44500 -0.97600
22.51600 -8.68000 -3.10000
23.23400 -7.41800 -0.59000
22.51600 -7.48800 -3.85900
21.18800 -6.47700 -0.62900
21.56200 -5.25000 0.07200
21.96900 -5.54700 1.51400
20.40600 -4.24600 0.04100
22.87500 -4.91400 2.04900
21.32800 -6.43000 2.18400
21.62500 -6.73800 3.57800
22.14100 -8.17200 3.68900
20.39100 -6.54300 4.48400
23.21900 -8.41400 4.23800
20.71900 -6.93400 5.92600
19.90600 -5.09400 4.41400
21.29700 -9.14800 3.19900
21.64100 -10.55500 3.10500
21.57800 -11.01600 1.64900
20.73400 -11.43800 3.98200
20.51600 -10.94500 1.02100
21.15600 -12.89800 3.91600
20.73400 -10.93800 5.42600
22.73400 -11.46900 1.12300
22.82800 -11.85200 -0.28100
22.35900 -13.28900 -0.49500
24.28100 -11.70300 -0.77100
23.15600 -14.20300 -0.67900
24.40600 -11.89100 -2.27300
23.39100 -12.06200 -2.96300
25.56200 -11.85900 -2.77000
20.98400 -13.53100 -0.44700
20.42200 -14.86700 -0.56700
19.46900 -14.96100 -1.76300
19.68800 -15.25800 0.71700
18.82800 -15.99200 -1.97300
18.56200 -14.29700 1.07200
18.32800 -13.33600 0.31300
17.92200 -14.50000 2.12100
19.42200 -13.84400 -2.52100
18.57800 -13.84400 -3.70100
17.10900 -13.66400 -3.37700
16.25000 -13.87500 -4.23400
16.73400 -13.36700 -2.16600
15.37500 -13.10200 -1.69000
15.29700 -11.72700 -1.02800
14.93000 -14.18000 -0.70500
16.29700 -11.23400 -0.50100
14.93000 -15.61700 -1.22900
14.85200 -16.60900 -0.06900
13.77300 -15.83600 -2.19900
14.11700 -11.05500 -1.08900
13.94500 -9.75800 -0.44300
13.23400 -9.93800 0.89500
13.15600 -8.78100 -1.34300
12.09400 -10.41400 0.94100
13.93000 -8.49200 -2.63100
12.84400 -7.48400 -0.58900
13.14800 -7.68800 -3.66000
13.93000 -9.62500 1.97300
13.26600 -9.59400 3.27300
12.76600 -8.19500 3.61100
14.21100 -10.10200 4.36700
12.93800 -7.26200 2.82600
15.43800 -9.21900 4.53500
16.53100 -9.80500 5.01200
15.39800 -8.01600 4.24200
12.10900 -8.03100 4.77700
11.47700 -6.77000 5.15200
12.51600 -5.66000 5.29300
10.69500 -6.92600 6.46100
12.25800 -4.51200 4.91400
9.75000 -5.77000 6.75400
8.82000 -6.09800 7.91400
7.85500 -4.94900 8.19500
6.88300 -5.29700 9.28100
13.64100 -5.97300 5.77000
14.70300 -4.98800 5.95700
15.21100 -4.46100 4.61700
15.85900 -5.59000 6.75400
15.39100 -3.25200 4.44500
15.54700 -5.81200 8.22700
14.68800 -7.04300 8.47700
14.09400 -7.16000 9.57000
14.60200 -7.89500 7.56200
15.43800 -5.37100 3.68800
15.87500 -4.98800 2.35000
14.81200 -4.16000 1.63300
16.21900 -6.23000 1.52300
15.13300 -3.18900 0.94500
17.50000 -6.92600 1.96800
17.60900 -8.35200 1.45500
18.73400 -8.90600 1.43800
16.57800 -8.92200 1.06600
13.61700 -4.56600 1.79000
12.50000 -3.84000 1.19700
12.44500 -2.41200 1.72700
11.18000 -4.56200 1.47900
12.32800 -1.46100 0.95100
10.00800 -3.99200 0.72900
9.05500 -3.21900 1.38300
9.85200 -4.23000 -0.63000
7.96500 -2.69100 0.69100
8.77300 -3.70700 -1.32800
7.82800 -2.93800 -0.66600
12.57000 -2.21500 3.02000
12.50800 -0.89400 3.63900
13.71100 -0.04700 3.24800
12.42200 -1.01700 5.16000
13.59400 1.16200 3.03900
11.06200 -1.48700 5.66400
11.00000 -1.57300 7.18000
9.86700 -1.17100 7.74600
11.96100 -1.99900 7.83200
14.85200 -0.74200 3.21900
16.04700 -0.03900 2.77500
15.86700 0.51300 1.36600
17.26600 -0.97200 2.81800
16.26600 1.64400 1.08100
18.62500 -0.33500 2.51000
18.93800 0.75000 3.53100
19.71900 -1.39600 2.48400
15.25000 -0.26000 0.54200
15.00000 0.17800 -0.83000
14.03900 1.36200 -0.86100
14.45300 -0.97400 -1.66600
14.21900 2.29700 -1.64600
13.12500 1.39600 -0.02000
12.07800 2.41200 -0.03500
12.55500 3.69100 0.64500
10.82000 1.89100 0.65600
12.29700 4.79300 0.15400
10.07000 0.76100 -0.05700
8.89800 0.28400 0.79100
9.59400 1.21900 -1.43200
13.28900 3.53300 1.72500
13.53900 4.68000 2.59000
15.03100 4.98400 2.66600
12.98400 4.42600 3.99400
15.44500 5.93800 3.33200
11.51600 4.10200 4.01600
10.58600 5.00400 3.51600
11.07000 2.89600 4.53900
9.22700 4.70300 3.53500
9.71100 2.59000 4.56200
8.78900 3.49600 4.05900
15.81200 4.18000 2.04300
17.26600 4.31200 2.10500
17.76600 4.17600 3.54100
17.70300 5.65200 1.52100
18.82800 4.68400 3.88100
17.35900 5.82800 0.04900
17.95300 7.12100 -0.51000
17.62500 7.28900 -1.98800
18.18800 8.55500 -2.53700
16.82800 3.75800 4.40600
17.12500 3.40600 5.78900
16.25000 2.24800 6.25400
16.93800 4.61300 6.72700
15.13300 2.08000 5.77300
15.50000 5.12900 6.66800
17.23400 4.21500 8.07000
16.76600 1.42300 7.06600
15.94500 0.35000 7.61300
15.43000 0.69500 9.00800
16.73400 -0.96400 7.64800
14.89100 -0.16500 9.70300
17.96900 -0.88700 8.52300
18.71900 -1.97400 8.57000
18.23400 0.14200 9.14800
15.56200 1.89000 9.43800
15.18000 2.31800 10.78100
13.79700 2.96500 10.78100
16.20300 3.29300 11.35200
13.20300 3.19100 11.83600
17.56200 2.66400 11.62500
18.50000 3.64100 12.32800
19.85900 3.01000 12.60900
20.79700 3.97900 13.25000
13.32800 3.13300 9.56200
12.03100 3.79700 9.44500
10.89100 2.78700 9.50800
11.95300 4.60500 8.14800
10.89100 1.79700 8.77300
10.72700 5.50000 8.05500
10.79700 6.41400 6.83600
9.57800 7.32000 6.74200
9.69500 8.28900 5.61700
10.02300 2.99400 10.46900
8.80500 2.19500 10.56200
7.66800 2.82200 9.75800
8.38300 2.02500 12.02300
7.39500 4.01600 9.89100
9.35200 1.20100 12.85900
8.88300 0.98400 14.28900
9.47700 0.13600 14.99200
7.92600 1.66800 14.70300
7.22300 2.09800 8.75800
6.10200 2.57600 7.95300
4.99600 1.52600 7.86700
6.57000 2.95300 6.55100
5.22300 0.42300 7.36300
5.46500 3.18400 5.69500
3.81200 1.90400 8.44500
2.65400 1.02200 8.35200
2.38700 0.63100 6.90200
1.41600 1.69700 8.94500
2.14500 -0.54100 6.60500
0.11000 0.90400 8.87500
0.20100 -0.34700 9.74200
-1.06700 1.77300 9.30500
2.60000 1.52400 5.98000
2.29700 1.29000 4.57400
3.32400 0.35400 3.94700
2.25600 2.61300 3.80300
2.96700 -0.55100 3.18900
1.08300 3.48600 4.16000
-0.19400 3.17800 3.70700
1.25700 4.61700 4.94500
-1.28200 3.98200 4.03500
0.17500 5.42600 5.27700
-1.09400 5.10900 4.82000
4.56200 0.59800 4.30900
5.60900 -0.28800 3.80900
5.38700 -1.72300 4.27700
6.98400 0.20600 4.25800
5.52300 -2.66600 3.49400
4.98400 -1.85500 5.49200
4.69900 -3.18000 6.03500
3.52000 -3.82800 5.31600
4.41400 -3.09400 7.53900
3.58000 -5.00400 4.94900
5.65600 -2.80700 8.35900
6.78500 -3.00800 7.85500
5.51200 -2.38100 9.53100
2.59200 -3.01000 5.02000
1.39300 -3.53700 4.37900
1.67500 -3.93800 2.93400
0.26000 -2.51000 4.42600
1.25100 -5.00400 2.48400
-0.27200 -2.24400 5.82400
-0.81300 -3.51200 6.47300
-1.97100 -4.03500 5.75000
-1.74500 -6.19500 6.53500
-3.45300 -5.66400 5.10200
-2.38700 -5.29700 5.79700
2.33200 -3.12500 2.26000
2.67600 -3.41600 0.87100
3.52100 -4.68400 0.80100
3.42800 -2.23600 0.21400
3.27300 -5.55900 -0.03200
4.02000 -2.65600 -1.13000
2.49400 -1.03900 0.04000
4.48400 -4.80900 1.70400
5.30500 -6.01600 1.74000
4.44100 -7.25000 1.96600
6.36700 -5.90600 2.83800
4.58600 -8.25000 1.26100
7.32000 -7.07400 2.87700
7.01200 -8.21900 3.60500
8.52300 -7.02700 2.18200
7.89100 -9.29700 3.64300
9.40600 -8.10200 2.21500
9.08600 -9.23400 2.94500
3.52500 -7.18400 2.92200
2.65800 -8.31200 3.25000
1.78700 -8.69500 2.05700
1.78000 -7.98000 4.45700
1.54700 -9.88300 1.81600
2.55500 -7.94900 5.76600
3.69900 -8.45300 5.80900
2.01600 -7.42200 6.76200
1.39000 -7.68800 1.32400
0.52700 -7.95300 0.17700
1.33200 -8.51600 -0.99000
-0.19400 -6.67200 -0.25500
0.81500 -9.30500 -1.78000
-1.30600 -6.17600 0.67000
-1.82400 -4.82000 0.19700
-2.43900 -7.19500 0.73900
2.59200 -8.11700 -1.11900
3.46700 -8.69500 -2.13500
3.77700 -10.14800 -1.81900
4.77000 -7.89100 -2.24000
3.87900 -10.98400 -2.72700
4.65200 -6.66000 -3.09600
3.41600 -6.06200 -3.31800
5.78100 -6.09400 -3.67600
3.30700 -4.92200 -4.10900
5.68000 -4.95300 -4.46500
4.44100 -4.36700 -4.68400
3.96100 -10.49200 -0.52200
4.34400 -11.82800 -0.06300
3.15800 -12.78900 -0.12400
4.89800 -11.76600 1.36200
2.61900 -13.18000 0.91200
5.42200 -13.10200 1.85400
5.75000 -13.96900 1.02000
5.50000 -13.28900 3.08800
2.74800 -13.24200 -1.31100
1.56500 -14.07800 -1.51500
1.78900 -15.48400 -0.96800
1.19000 -14.15600 -3.00600
0.83500 -16.17200 -0.59900
0.75200 -12.79700 -3.53700
2.32600 -14.60200 -3.75600
2.97500 -15.93800 -0.87900
3.30900 -17.23400 -0.30800
3.34600 -17.17200 1.21700
4.65200 -17.73400 -0.84500
3.40600 -18.20300 1.88400
4.65200 -18.03100 -2.33600
6.03500 -18.43800 -2.82600
6.07800 -18.54700 -4.34400
7.46100 -18.82800 -4.84000
3.40400 -16.01600 1.87400
3.33200 -15.77300 3.31100
4.50000 -16.42200 4.03900
2.00400 -16.28100 3.87300
4.30900 -17.04700 5.08600
0.80300 -15.65600 3.24000
-0.16800 -16.18800 2.45900
0.49900 -14.32000 3.38300
-0.61100 -14.05500 2.71500
-1.03600 -15.16400 2.14600
5.65200 -16.26600 3.54700
6.82400 -16.85900 4.18400
7.80500 -15.78900 4.66400
7.52300 -17.82800 3.22300
8.93800 -16.10900 5.04300
7.98400 -17.15600 1.94600
8.57000 -17.92200 1.04300
7.81600 -15.93800 1.77500
7.37100 -14.49200 4.58600
8.14800 -13.39800 5.14500
9.27300 -12.93800 4.23400
10.07000 -12.07800 4.61700
9.38300 -13.47700 3.04900
10.39100 -13.07800 2.06600
9.75000 -12.98400 0.68300
11.57800 -14.06200 2.04300
8.75000 -13.64800 0.41000
11.07800 -15.50800 1.91000
12.44500 -13.89800 3.29900
12.18000 -16.53100 1.66100
10.29700 -12.12500 -0.19000
9.78900 -11.98400 -1.55200
10.74200 -12.62500 -2.55500
9.58600 -10.50800 -1.89900
11.93000 -12.30500 -2.58200
8.68000 -9.71100 -0.96100
8.59400 -8.25800 -1.41600
7.29300 -10.33600 -0.89600
10.22700 -13.60200 -3.31800
10.96900 -14.03900 -4.49600
10.67200 -13.14100 -5.69500
10.64100 -15.49200 -4.82800
9.89800 -12.18800 -5.59000
9.18000 -15.71100 -5.16400
8.52300 -14.77300 -5.67200
8.67200 -16.82800 -4.92200
11.33600 -13.39100 -6.82000
11.21100 -12.50000 -7.96500
9.78100 -12.49200 -8.49200
12.18000 -12.90600 -9.07800
9.26600 -11.43800 -8.87500
12.10200 -12.03900 -10.30500
11.78100 -12.58600 -11.53900
12.35200 -10.67200 -10.21900
11.71100 -11.78100 -12.68000
12.27300 -9.86700 -11.35200
11.96100 -10.42200 -12.57800
9.14800 -13.64100 -8.55500
7.77000 -13.73400 -9.03100
6.84000 -12.84400 -8.21100
7.28100 -15.18000 -8.99200
6.06600 -12.06200 -8.76600
5.89100 -15.35900 -9.57000
5.72700 -15.27300 -10.80500
4.94500 -15.57000 -8.77300
6.88300 -12.89800 -6.81600
6.06600 -12.07800 -5.93000
6.37500 -10.59400 -6.11300
6.27700 -12.48400 -4.46900
5.46100 -9.76600 -6.15600
5.63300 -13.81200 -4.09800
5.96500 -14.26600 -2.68600
5.09000 -14.86700 -2.02100
7.10500 -14.01600 -2.23800
7.61700 -10.28900 -6.31200
8.07000 -8.91400 -6.49200
7.50800 -8.32800 -7.78500
9.60200 -8.84400 -6.50800
6.91000 -7.25000 -7.77000
10.14100 -7.45300 -6.68000
10.75000 -7.07400 -7.86700
10.04700 -6.52700 -5.65200
11.25800 -5.78500 -8.03100
10.54700 -5.23800 -5.80500
11.15600 -4.86700 -6.99600
7.67600 -9.03100 -8.93000
7.21500 -8.57800 -10.24200
5.69500 -8.43800 -10.27300
7.68400 -9.53100 -11.33600
5.16800 -7.42200 -10.72700
4.96500 -9.38300 -9.78100
3.50600 -9.35200 -9.78100
2.98400 -8.25800 -8.84400
2.93800 -10.71100 -9.36700
1.98000 -7.60900 -9.14100
3.09600 -11.78900 -10.42200
2.61300 -13.14100 -9.92200
2.85500 -14.19500 -10.90600
0.89100 -13.85200 -12.07000
2.35000 -15.49200 -12.73400
2.03100 -14.50800 -11.89800
3.64300 -8.15600 -7.73400
3.26800 -7.07800 -6.83200
3.40800 -5.70300 -7.45300
2.50200 -4.87500 -7.35200
4.49600 -5.46900 -8.16400
4.75400 -4.16800 -8.77300
3.82400 -3.92200 -9.95300
6.21500 -4.07000 -9.22700
3.54100 -2.77100 -10.30500
7.23400 -3.68200 -8.15600
8.64800 -3.79700 -8.70300
6.96500 -2.26800 -7.64800
3.36500 -4.98800 -10.54700
2.49800 -4.89500 -11.71900
1.22700 -4.11700 -11.40600
2.13900 -6.29300 -12.22700
0.69600 -3.41200 -12.26600
1.29700 -6.21100 -13.36700
0.75600 -4.12900 -10.17200
-0.46600 -3.44100 -9.76600
-0.25300 -1.93100 -9.82800
-0.91400 -3.85900 -8.35200
-1.20000 -1.17300 -10.05500
-2.15200 -3.07400 -7.91800
-1.18600 -5.36300 -8.29700
0.97900 -1.45600 -9.68800
1.30500 -0.03600 -9.61700
1.63000 0.50900 -11.00800
2.48400 0.20400 -8.67200
1.89900 1.70200 -11.16400
2.17400 -0.09300 -7.22700
1.55500 0.85800 -6.42600
2.50000 -1.32400 -6.67600
1.26600 0.58500 -5.09000
2.21300 -1.60400 -5.34000
1.59800 -0.64700 -4.55100
1.61800 -0.40900 -12.02300
1.88100 0.00200 -13.39800
0.77400 0.91100 -13.93000
2.02900 -1.22200 -14.30500
-0.40700 0.67200 -13.66400
2.63300 -0.91300 -15.64100
3.88100 -1.12600 -16.12500
1.92700 -0.30400 -16.65600
2.71700 -0.15700 -17.70300
3.90600 -0.64700 -17.40600
1.14700 1.98200 -14.69500
0.14900 2.90200 -15.24200
-0.90700 2.19100 -16.07800
0.98200 3.85700 -16.09400
-2.05300 2.64100 -16.15600
2.34000 3.84600 -15.47700
2.60700 2.46900 -14.93800
-0.59600 1.06000 -16.67200
-1.51400 0.35400 -17.56200
-2.24800 -0.76700 -16.82800
-0.76600 -0.20300 -18.78100
-2.99400 -1.53000 -17.45300
-0.22800 0.88700 -19.67200
0.83300 0.57700 -20.42200
-0.76100 1.99900 -19.71900
-2.00600 -0.86600 -15.53100
-2.75400 -1.86300 -14.77300
-4.23800 -1.52000 -14.73400
-2.19700 -1.97900 -13.35900
-4.60900 -0.34700 -14.63300
-5.07400 -2.58200 -14.88300
-6.51600 -2.32600 -14.78100
-6.90200 -1.66800 -13.46100
-7.12900 -3.72300 -14.89800
-6.37500 -2.03100 -12.40600
-6.08200 -4.54700 -15.57000
-4.73000 -4.03900 -15.14800
-7.82800 -0.76800 -13.54700
-8.23400 0.01600 -12.39100
-8.81200 -0.90900 -11.31200
-9.27300 1.09600 -12.77300
-8.61700 -0.67700 -10.11700
-9.53900 2.02700 -11.58600
-10.57000 0.44800 -13.26600
-10.32800 3.28100 -11.94500
-9.49200 -2.00400 -11.71100
-10.09400 -2.93000 -10.75800
-9.01600 -3.61700 -9.91400
-10.93800 -3.97700 -11.48400
-9.23400 -3.89500 -8.72700
-12.27300 -3.43000 -11.96100
-12.78900 -2.46300 -11.35900
-12.81200 -3.97300 -12.95300
-7.88700 -3.87300 -10.50800
-6.77300 -4.44500 -9.75000
-6.25000 -3.45900 -8.71100
-5.64500 -4.86300 -10.69500
-5.93000 -3.85000 -7.58600
-5.96500 -6.10200 -11.52300
-4.78500 -6.59400 -12.34400
-4.98400 -7.42600 -13.25800
-3.64800 -6.13700 -12.07800
-6.25000 -2.22900 -9.08600
-5.79700 -1.19200 -8.16400
-6.79300 -1.00300 -7.02000
-5.58600 0.13000 -8.89800
-6.39800 -0.86300 -5.86300
-4.46900 0.09300 -9.93000
-4.30500 1.43800 -10.62500
-3.29500 1.36100 -11.76600
-1.89000 1.38800 -11.25800
-8.02300 -1.06600 -7.37900
-9.08600 -0.93200 -6.38700
-9.00800 -2.08400 -5.38700
-10.48400 -0.89400 -7.05100
-9.07800 -1.86800 -4.17200
-10.67200 0.42400 -7.80900
-11.58600 -1.09100 -6.00400
-11.93800 0.46800 -8.66400
-8.80500 -3.23000 -5.91000
-8.71100 -4.41000 -5.05500
-7.48800 -4.34400 -4.14800
-8.67200 -5.68400 -5.90200
-7.57800 -4.62500 -2.95300
-10.02300 -6.04300 -6.50400
-11.04700 -5.48400 -6.06600
-10.05500 -6.89100 -7.41800
-6.39500 -3.99600 -4.73800
-5.15200 -3.89300 -3.97700
-5.27000 -2.83200 -2.88900
-3.97900 -3.56600 -4.90600
-4.88300 -3.06600 -1.74200
-2.62900 -3.72700 -4.25800
-2.06100 -2.68600 -3.53500
-1.93100 -4.92200 -4.36700
-0.81200 -2.83200 -2.93400
-0.68300 -5.07800 -3.77000
-0.12500 -4.03100 -3.05500
-5.80500 -1.65600 -3.20700
-5.94500 -0.57600 -2.23600
-6.90600 -0.96300 -1.11600
-6.43800 0.70000 -2.92200
-6.70700 -0.57600 0.03800
-7.75000 0.52200 -3.43400
-7.93800 -1.67300 -1.42600
-8.83600 -2.18000 -0.39500
-8.07800 -3.05500 0.59800
-9.98400 -2.97100 -1.02400
-8.21900 -2.88700 1.81200
-10.90600 -3.60400 -0.01800
-10.77300 -4.94100 0.32600
-11.91400 -2.85700 0.58300
-11.62500 -5.53100 1.25700
-12.77300 -3.43800 1.51500
-12.62500 -4.77300 1.85000
-7.27700 -3.94700 0.05800
-6.50000 -4.84800 0.90600
-5.49600 -4.07400 1.75300
-5.78100 -5.89500 0.05800
-5.19100 -4.47300 2.88100
-6.71500 -6.88300 -0.62500
-5.98000 -7.87100 -1.51100
-6.40200 -9.13300 -1.47200
-5.03900 -7.50800 -2.22500
-5.07800 -3.02000 1.16200
-4.14800 -2.15400 1.88200
-4.81200 -1.55300 3.11500
-3.63900 -1.03800 0.96700
-4.19900 -1.48200 4.18400
-2.49800 -0.18100 1.51700
-1.25000 -1.03200 1.72900
-2.20300 0.98400 0.57800
-6.05900 -1.22800 3.07400
-6.77300 -0.57100 4.16400
-7.37900 -1.59600 5.11700
-7.87100 0.34100 3.61100
-7.55900 -1.31700 6.30500
-7.37500 1.70200 3.18600
-7.51600 2.80700 4.02300
-6.77300 1.88500 1.94700
-7.05900 4.06200 3.63300
-6.31200 3.13700 1.54800
-6.01200 5.46100 2.00800
-6.46100 4.21900 2.39600
-7.77700 -2.77500 4.64100
-8.28100 -3.84600 5.49600
-7.15600 -4.49200 6.29700
-9.00800 -4.90200 4.65600
-6.69900 -5.58600 5.96100
-9.64100 -5.99600 5.50000
-9.85200 -5.78500 6.71100
-9.92200 -7.08200 4.94500
-6.71900 -3.86700 7.39800
-5.52300 -4.20700 8.16400
-5.66400 -5.58200 8.80500
-5.26600 -3.15200 9.24200
-4.69500 -6.34400 8.86700
-5.02300 -1.72400 8.75800
-4.79300 -0.78800 9.93800
-3.84400 -1.68100 7.78900
-6.82000 -5.94100 9.12500
-7.06200 -7.21900 9.79700
-7.38700 -8.31200 8.78100
-8.20300 -7.08600 10.80500
-7.60500 -9.46900 9.16400
-7.88300 -6.18000 11.98400
-9.05500 -6.09000 12.95300
-8.75800 -5.13300 14.10200
-9.91400 -5.02000 15.04700
-7.50400 -8.03900 7.48000
-7.72700 -8.99200 6.40200
-9.00000 -9.80500 6.64100
-6.52300 -9.93000 6.25800
-8.98400 -11.03100 6.52000
-5.23000 -9.21100 5.89800
-4.06200 -10.16400 5.72300
-2.90600 -9.62500 5.35200
-4.19500 -11.37500 5.92200
-10.05500 -9.14100 6.87100
-11.28900 -9.82800 7.23000
-12.37500 -9.59400 6.18400
-11.77300 -9.37500 8.60900
-13.50000 -10.07000 6.33600
-12.11700 -7.88700 8.68000
-10.99200 -7.05900 9.27300
-11.18000 -5.74200 9.30500
-9.96900 -7.59800 9.71100
-12.01600 -8.83600 5.17200
-12.92200 -8.64800 4.05100
-13.75000 -7.38700 4.15600
-14.64100 -7.14800 3.33800
-13.50800 -6.58600 5.15200
-14.15600 -5.28900 5.31600
-13.25800 -4.32400 6.07400
-15.49200 -5.44500 6.04700
-12.29700 -4.74600 6.73000
-15.39800 -6.23800 7.32400
-15.68000 -7.59800 7.33600
-15.03100 -5.62100 8.51600
-15.59400 -8.33600 8.51600
-14.94500 -6.34800 9.69500
-15.22700 -7.70300 9.69500
-13.46900 -2.98200 5.90600
-12.69500 -1.92600 6.55500
-13.51600 -1.32000 7.69500
-12.28900 -0.82700 5.54700
-14.63300 -0.85700 7.48400
-11.47700 -1.43400 4.39500
-11.50000 0.28200 6.24600
-11.33600 -0.51600 3.18900
-12.89100 -1.34600 8.84400
-13.53900 -0.79300 10.03100
-13.09400 0.64600 10.28100
-13.24200 -1.65600 11.25800
-12.07000 1.08600 9.75800
-13.86700 -3.04100 11.20300
-13.55500 -3.89100 12.42200
-14.46100 -4.59400 12.93000
-12.39100 -3.85500 12.88300
-13.88300 1.27600 11.07800
-13.63300 2.67800 11.40600
-12.23400 2.87100 11.96900
-14.68000 3.18900 12.40600
-11.52300 3.79900 11.57800
-14.60900 4.68800 12.65600
-15.69500 5.14800 13.61700
-15.42200 6.48800 14.13300
-16.06200 7.59000 12.21100
-15.31200 8.78100 14.02300
-15.59400 7.61300 13.45300
-11.83600 2.01600 12.82800
-10.53100 2.12300 13.47700
-9.39800 1.95800 12.46900
-10.39800 1.08100 14.58600
-8.35200 2.59200 12.59400
-11.32800 1.31700 15.76600
-11.17200 2.69700 16.37500
-12.28100 3.29700 16.79700
-10.05500 3.21900 16.46900
-9.61700 1.08800 11.43800
-8.60900 0.89300 10.39800
-8.44500 2.14600 9.53900
-8.97700 -0.30200 9.51600
-7.33200 2.51400 9.17200
-8.89100 -1.64400 10.22700
-9.37500 -2.80700 9.37500
-8.59400 -3.75800 9.14800
-10.54700 -2.76800 8.93000
-9.56200 2.85500 9.27300
-9.48400 4.11700 8.54700
-8.71900 5.14500 9.39100
-10.88300 4.65600 8.18800
-7.85200 5.85200 8.87500
-10.77300 6.01600 7.50000
-11.61700 3.66000 7.29300
-9.02300 5.23000 10.64100
-8.35900 6.16400 11.53900
-6.85200 5.91800 11.57000
-8.93000 6.05500 12.95300
-6.06200 6.85900 11.46900
-8.34400 7.05100 13.94500
-9.06200 6.99600 15.28900
-8.49200 8.01600 16.26600
-9.25000 8.02300 17.54700
-6.50800 4.64100 11.69500
-5.09800 4.27700 11.73400
-4.37500 4.73000 10.46900
-4.93800 2.76600 11.91400
-3.27100 5.27300 10.53900
-5.26200 2.27500 13.32000
-5.01200 0.79000 13.50000
-5.19500 0.29900 14.71900
-4.65600 0.08900 12.54700
-5.00000 4.57400 9.32800
-4.37900 4.94500 8.06200
-4.27700 6.46100 7.93000
-5.17600 4.37100 6.88700
-3.26000 6.98400 7.47300
-5.12500 2.85500 6.79700
-3.41600 2.21700 6.60900
-3.05300 2.76800 4.91800
-5.27700 7.19900 8.34400
-5.28500 8.65600 8.28100
-4.18800 9.21900 9.18000
-6.66000 9.23400 8.68800
-3.42200 10.09400 8.76600
-6.57000 10.74200 8.89800
-7.71100 8.90600 7.62900
-4.09400 8.68800 10.34400
-3.08800 9.13300 11.30500
-1.69000 8.83600 10.76600
-3.28100 8.46900 12.68800
-0.79100 9.67200 10.85900
-2.06600 8.71100 13.57800
-4.55500 8.98400 13.35200
-1.58500 7.63700 10.18800
-0.29400 7.26200 9.60900
0.08300 8.18800 8.46100
-0.32200 5.81200 9.14100
1.23600 8.60900 8.34400
-0.83000 8.51600 7.66000
-0.59800 9.40600 6.52700
-0.20500 10.80500 7.00800
-1.84500 9.50800 5.62900
0.73600 11.40600 6.48400
-1.60400 10.44500 4.45700
-2.16200 8.20300 5.12500
-0.90300 11.34400 7.97700
-0.62300 12.66400 8.53100
0.76400 12.70300 9.16400
-1.68200 13.03900 9.57000
1.49500 13.68000 9.00800
-3.08600 13.32000 9.03100
-4.07000 13.49200 10.18800
-3.08000 14.56200 8.14100
1.11200 11.63300 9.85200
2.42400 11.53100 10.48400
3.53900 11.54700 9.44500
2.51400 10.26600 11.33600
4.56200 12.21100 9.63300
3.29700 10.89100 8.32000
4.30500 10.82000 7.27000
4.48400 12.18000 6.59000
3.93000 9.75800 6.23000
5.55500 12.47700 6.05500
4.12500 8.33600 6.71900
3.77500 7.28900 5.66800
3.98200 6.08200 5.92200
3.29500 7.68400 4.58200
3.41800 12.96900 6.60900
3.46300 14.28100 5.97300
3.85700 15.36700 6.96900
2.10900 14.61700 5.34800
3.95100 16.54700 6.60500
1.76400 13.66400 4.35200
4.16400 14.94500 8.18800
4.53500 15.90600 9.21100
3.38900 16.81200 9.62500
3.60500 17.95300 10.02300
2.19900 16.34400 9.30500
0.99800 17.09400 9.66400
0.34400 16.50000 10.90600
-0.00000 17.10900 8.50800
0.35800 15.28900 11.10900
0.47200 17.89100 7.29700
-0.78000 17.93800 5.95700
-1.41600 19.62500 6.17200
-0.09800 17.39100 11.78100
-0.83500 16.96900 12.96100
-2.20900 17.62500 13.03900
-0.03400 17.26600 14.23400
-2.32400 18.84400 12.93000
1.22900 16.43800 14.33600
2.26400 17.00000 14.94500
1.27300 15.28900 13.87500
-3.16800 16.89100 12.95300
-4.53500 17.37500 13.12500
-5.09000 16.95300 14.48400
-5.43800 16.84400 12.00800
-4.63300 15.97700 15.07000
-5.05500 17.25000 10.57800
-6.02700 16.64100 9.57800
-5.02700 18.76600 10.44500
-5.96500 17.82800 15.01600
-6.61300 17.45300 16.26600
-7.44500 16.18800 16.10900
-7.49600 18.60900 16.76600
-7.89500 15.86700 15.01600
-8.62500 18.76600 15.93000
-7.62100 15.50000 17.20300
-8.41400 14.27300 17.21900
-9.83600 14.53100 16.71900
-8.45300 13.67200 18.62500
-10.40600 13.70300 16.01600
-8.96100 12.24200 18.65600
-8.36700 11.37500 17.98400
-9.96900 11.99200 19.34400
-10.39100 15.65600 17.03100
-11.75000 16.00000 16.62500
-11.85900 16.12500 15.10200
-12.20300 17.29700 17.29700
-12.83600 15.67200 14.50800
-12.46100 17.14100 18.78100
-12.68800 15.99200 19.25000
-12.43800 18.15600 19.50000
-10.85900 16.76600 14.50800
-10.83600 16.93800 13.05500
-10.70300 15.57000 12.38300
-9.69500 17.87500 12.60900
-11.39800 15.28100 11.40600
-9.57800 17.89100 11.08600
-9.91400 19.28100 13.15600
-9.85200 14.74200 12.93000
-9.65600 13.39800 12.38300
-10.96900 12.61700 12.47700
-8.53100 12.64800 13.12500
-11.37500 11.96900 11.50800
-8.49200 11.18000 12.68800
-7.18400 13.32000 12.86700
-11.64100 12.74200 13.57800
-12.90600 12.03900 13.77300
-13.96900 12.51600 12.78900
-13.41400 12.21900 15.21100
-14.75000 11.71900 12.27300
-12.62500 11.43000 16.25000
-12.69500 9.92200 16.03100
-11.73400 9.21100 16.39100
-13.72700 9.45300 15.49200
-13.95300 13.77300 12.55500
-14.89800 14.35200 11.60200
-14.64800 13.82800 10.19500
-14.80500 15.87500 11.60900
-15.58600 13.52300 9.46100
-15.70300 16.43800 10.66400
-13.39800 13.72700 9.76600
-13.02300 13.18000 8.46900
-13.50000 11.73400 8.35900
-11.50000 13.26600 8.24200
-14.08600 11.34400 7.34400
-11.05500 14.72700 8.12500
-11.09400 12.46900 6.99600
-9.54700 14.91400 8.12500
-13.31200 11.02300 9.41400
-13.69500 9.61700 9.42200
-15.21100 9.48400 9.33600
-13.16400 8.89100 10.68000
-15.73400 8.67200 8.57000
-11.63300 8.85900 10.67200
-13.74200 7.47700 10.77300
-11.01600 8.39100 11.98400
-15.94500 10.31200 10.07800
-17.40600 10.30500 10.06200
-17.93800 10.56200 8.65600
-17.95300 11.34400 11.03900
-18.82800 9.85900 8.18800
-17.81200 10.93000 12.49200
-17.54700 9.74200 12.76600
-17.95300 11.80500 13.37500
-17.34400 11.50000 8.02300
-17.76600 11.85200 6.67600
-17.45300 10.73400 5.68800
-17.10900 13.14800 6.21900
-18.25000 10.46100 4.77300
-17.64100 14.39800 6.91400
-16.96900 15.65600 6.39500
-17.48400 16.90600 7.09800
-16.79700 18.14100 6.62900
-16.31200 10.13300 5.88700
-15.93800 9.01600 5.03100
-16.95300 7.87900 5.14100
-14.53100 8.49200 5.38300
-17.42200 7.35900 4.12500
-14.14800 7.30500 4.51200
-13.57800 9.54700 5.18800
-17.35900 7.51200 6.35900
-18.28100 6.39800 6.55900
-19.70300 6.77300 6.12500
-18.28100 5.95700 8.02300
-20.45300 5.92200 5.65600
-17.29700 4.86300 8.33600
-17.70300 3.54300 8.43800
-15.95300 5.16400 8.51600
-16.79700 2.53100 8.72700
-15.03100 4.15600 8.80500
-15.46100 2.84200 8.90600
-20.04700 8.02300 6.29300
-21.34400 8.48400 5.80900
-21.46900 8.27300 4.30100
-21.54700 9.96100 6.15600
-22.53100 7.89500 3.81400
-22.93800 10.47700 5.81200
-23.15600 11.93000 6.20700
-24.26600 12.46100 5.98000
-22.20300 12.53900 6.75000
-20.42200 8.43000 3.66800
-20.42200 8.32800 2.21300
-20.23400 6.88300 1.76100
-19.34400 9.21900 1.60400
-20.89100 6.41800 0.83700
-19.35900 9.25800 0.08300
-18.32800 10.21900 -0.50400
-18.21900 10.29700 -1.74900
-17.64100 10.89800 0.28600
-19.28100 6.20300 2.34200
-18.82800 4.90200 1.85600
-19.75000 3.78700 2.32000
-17.39100 4.63300 2.32600
-20.04700 2.86300 1.56100
-20.25000 3.77700 3.61300
-21.01600 2.70700 4.24200
-22.48400 2.79300 3.86700
-20.85900 2.75600 5.76600
-23.32800 3.15400 4.69500
-21.51600 1.58400 6.46900
-21.75000 0.54100 5.82000
-21.79700 1.70600 7.67600
-22.89100 2.43400 2.65000
-24.23400 2.58800 2.09600
-25.20300 1.60900 2.75200
-24.23400 2.37300 0.57100
-26.40600 1.89800 2.87100
-23.43800 3.45700 -0.13700
-23.67200 1.09500 0.27300
-24.78100 0.54700 3.27000
-25.65600 -0.41800 3.92800
-25.76600 -0.13600 5.42200
-25.15600 -1.84400 3.69500
-26.51600 -0.80600 6.13700
-23.76600 -2.11100 4.26200
-23.29700 -3.52700 3.95300
-21.90600 -3.78900 4.49600
-21.42200 -5.15200 4.13700
-24.96900 0.77100 5.98400
-25.03100 1.28200 7.35200
-24.78100 0.17000 8.36700
-26.37500 1.95100 7.61700
-25.48400 0.07600 9.36700
-26.67200 3.10200 6.70700
-27.57800 3.24600 5.71900
-25.96900 4.28500 6.75800
-26.43800 5.11300 5.84000
-27.42200 4.50800 5.19500
-23.81200 -0.62200 8.14100
-23.50000 -1.69300 9.07800
-22.21900 -1.39200 9.85200
-23.37500 -3.03100 8.34400
-21.73400 -2.23400 10.60900
-22.25000 -3.03700 7.32000
-21.60900 -1.98400 7.10900
-22.01600 -4.10500 6.71500
-21.75000 -0.20400 9.64100
-20.59400 0.23200 10.40600
-19.28100 -0.27500 9.84400
-18.21900 -0.09300 10.45300
-19.28100 -0.90200 8.67200
-18.09400 -1.40200 7.97300
-18.17200 -1.09800 6.48000
-17.93800 -2.90800 8.19500
-19.26600 -0.94300 5.93000
-17.96900 -3.32400 9.65600
-17.92200 -4.84000 9.81200
-19.25000 -5.43400 9.61700
-18.62500 -7.54300 10.32800
-20.78100 -7.14500 9.65600
-19.54700 -6.70700 9.86700
-16.95300 -0.96900 5.83600
-16.89100 -0.75900 4.39500
-16.45300 -2.05300 3.70500
-15.91400 0.38400 4.03900
-15.32800 -2.50800 3.87100
-16.35900 1.69100 4.70700
-15.80500 0.55200 2.52000
-15.32800 2.81100 4.61700
-17.37500 -2.65200 2.95500
-17.03100 -3.87300 2.22900
-16.43800 -3.55100 0.86000
-18.26600 -4.76200 2.06800
-16.32800 -2.38100 0.48500
-19.39100 -4.09000 1.29500
-19.10900 -3.27500 0.39000
-20.56200 -4.37100 1.59500
-16.04700 -4.53100 0.10200
-15.32800 -4.36300 -1.15900
-16.15600 -3.56100 -2.15800
-14.95300 -5.72300 -1.75500
-15.62500 -2.70300 -2.86700
-13.96900 -5.64500 -2.90800
-13.50800 -7.03100 -3.34600
-12.53900 -6.95700 -4.52000
-12.05500 -8.31200 -4.92200
-17.43800 -3.85400 -2.21500
-18.31200 -3.15200 -3.14800
-18.45300 -1.67700 -2.77500
-19.70300 -3.80900 -3.18600
-18.40600 -0.80500 -3.64500
-19.70300 -5.14500 -3.90600
-18.84400 -5.36300 -4.78900
-20.57800 -5.98800 -3.59200
-18.60900 -1.39200 -1.47800
-18.70300 -0.01400 -1.00200
-17.40600 0.74300 -1.26600
-19.03100 0.02000 0.49100
-17.42200 1.90700 -1.67000
-20.46900 -0.37900 0.81000
-20.71900 -0.57200 2.29700
-21.89100 -0.42800 2.73800
-19.75000 -0.87000 3.02500
-16.28100 0.06500 -1.04700
-14.98400 0.66700 -1.32800
-14.83600 0.97600 -2.81400
-13.85200 -0.25800 -0.87300
-14.39800 2.06600 -3.18800
-12.47700 0.25100 -1.20100
-11.62500 -0.23800 -2.14800
-11.80500 1.34800 -0.57900
-10.53900 1.46800 -1.19900
-12.14100 2.24200 0.44500
-10.45300 0.48900 -2.15200
-9.97700 3.31100 0.17500
-9.61700 2.44700 -0.82900
-11.21900 3.21700 0.81200
-15.14100 0.02000 -3.57800
-15.07800 0.21000 -5.02300
-15.89800 1.42400 -5.44900
-15.57800 -1.04000 -5.75400
-15.41400 2.27700 -6.19500
-15.54700 -0.92400 -7.27000
-16.07800 -2.18200 -7.94100
-16.14100 -2.03500 -9.39100
-14.08600 -3.02900 -9.78100
-15.33600 -2.25600 -11.53900
-15.18800 -2.43900 -10.23400
-17.12500 1.48800 -5.02300
-18.00000 2.60000 -5.37500
-17.42200 3.93800 -4.92600
-19.39100 2.39600 -4.77300
-17.50000 4.92600 -5.65200
-20.17200 1.29100 -5.46500
-21.07800 0.66300 -4.73000
-19.95300 1.00600 -6.64500
-16.87500 3.91800 -3.69700
-16.25000 5.12900 -3.17800
-15.07800 5.55900 -4.05900
-15.75800 4.91000 -1.74200
-14.95300 6.73400 -4.41000
-15.12500 6.11300 -1.05100
-16.15600 7.21100 -0.83200
-14.48400 5.69500 0.27200
-14.23400 4.66400 -4.45300
-13.06200 4.94500 -5.26600
-13.49200 5.45700 -6.64100
-12.16400 3.69100 -5.42200
-12.89100 6.39100 -7.17600
-11.11700 3.90800 -6.50800
-11.50000 3.34600 -4.09000
-14.49200 4.83200 -7.21100
-14.96100 5.25000 -8.53100
-15.51600 6.66800 -8.48400
-16.03100 4.28500 -9.03900
-15.44500 7.40200 -9.46900
-15.55500 2.89300 -9.45300
-16.73400 2.03700 -9.90600
-14.50000 2.99000 -10.54700
-16.04700 7.10200 -7.34800
-16.54700 8.46100 -7.17200
-15.41400 9.43000 -6.87100
-17.59400 8.50800 -6.05100
-15.50800 10.61700 -7.18400
-18.93800 7.90200 -6.43000
-19.95300 8.06200 -5.31200
-21.14100 7.24200 -5.55100
-20.90600 5.97300 -3.63700
-22.65600 5.59000 -5.06200
-21.56200 6.27000 -4.75000
-14.42200 8.84400 -6.23800
-13.25000 9.64100 -5.88300
-11.96100 8.96900 -6.33600
-13.21100 9.89100 -4.37500
-11.25000 8.37500 -5.52300
-14.43800 10.56200 -3.84600
-15.50000 10.07000 -3.17400
-14.66400 11.91400 -3.98800
-15.82000 12.21900 -3.42600
-16.34400 11.11700 -2.92400
-11.62500 9.02300 -7.64100
-10.46100 8.32000 -8.18800
-9.14800 8.77300 -7.56600
-10.51600 8.67200 -9.68000
-8.14800 8.05500 -7.61700
-11.95300 8.95300 -9.96100
-12.56200 9.59400 -8.74200
-9.12500 9.91400 -6.92200
-7.91800 10.43800 -6.27700
-7.45300 9.50800 -5.15600
-8.17200 11.83600 -5.71900
-6.29700 9.57800 -4.73000
-9.16400 11.80500 -4.71100
-8.37500 8.60900 -4.68800
-8.00800 7.66000 -3.64300
-6.96900 6.66800 -4.14800
-9.25000 6.91000 -3.14800
-6.29700 6.00800 -3.35400
-10.24200 7.71500 -2.30500
-11.49200 6.89100 -2.02700
-9.58600 8.16400 -1.00000
-6.82400 6.65600 -5.44100
-5.87500 5.71500 -6.03100
-4.61300 6.43400 -6.49200
-6.51600 4.97700 -7.20700
-3.79300 5.85500 -7.21100
-7.66000 4.02000 -6.86700
-8.14100 3.30300 -8.12500
-7.21500 3.01400 -5.80900
-4.51200 7.69500 -6.19900
-3.41000 8.49200 -6.72700
-2.06600 7.82800 -6.45300
-3.43000 9.89800 -6.11700
-1.19200 7.80100 -7.32400
-2.35500 10.82800 -6.66800
-2.45100 12.21900 -6.05500
-1.34700 13.13300 -6.57000
-1.44000 14.50000 -5.97700
-1.90700 7.18800 -5.32800
-0.61900 6.61300 -4.95700
-0.46800 5.18800 -5.48000
-0.43700 6.64100 -3.43600
0.55500 4.53900 -5.25000
-0.34500 8.04700 -2.88500
-0.84800 8.24200 -1.67100
0.17200 8.95300 -3.54500
-1.44000 4.66400 -6.22300
-1.41300 3.30300 -6.75000
-0.79300 3.27000 -8.14100
-2.82400 2.71300 -6.78900
-0.72700 2.21100 -8.77300
-3.44900 2.52300 -5.41800
-2.38900 1.54000 -4.28900
-2.39600 -0.05500 -5.15600
-0.39000 4.43000 -8.69500
0.22400 4.49200 -10.01600
1.64500 5.03900 -9.93000
-0.60700 5.35900 -10.97700
1.85300 6.16800 -9.47700
0.01300 5.38700 -12.37500
-1.93500 4.82800 -11.07000
2.59000 4.22300 -10.30500
3.98800 4.62900 -10.39800
4.38700 4.85500 -11.85200
4.89800 3.57400 -9.76600
4.57800 3.89600 -12.60900
4.62900 3.23600 -8.29700
5.55100 2.11300 -7.83600
4.80500 4.47300 -7.42600
4.51600 6.09000 -12.32800
4.68800 6.50000 -13.71900
5.96900 5.91800 -14.31200
4.70300 8.02300 -13.82800
6.04300 5.67200 -15.51600
3.36700 8.68000 -13.49200
2.27100 8.31200 -14.47700
1.02900 8.32000 -14.00800
2.53900 8.02300 -15.64800
6.91400 5.52000 -13.68000
8.21900 5.14100 -14.20300
8.27300 3.64500 -14.49200
9.32800 5.52000 -13.21900
9.30500 3.12900 -14.93800
9.03100 5.13300 -11.78900
8.40600 6.02300 -10.92200
9.36700 3.87300 -11.30500
8.13300 5.67200 -9.60200
9.10200 3.51000 -9.99200
8.21100 4.05900 -7.84400
8.47700 4.41400 -9.14800
7.21100 2.99600 -14.14800
7.10900 1.58900 -14.52300
6.73400 1.43800 -15.99200
6.07400 0.87700 -13.64100
6.75000 0.32800 -16.53100
6.48400 0.60700 -12.19500
5.29700 0.07700 -11.39800
7.65200 -0.37500 -12.14100
6.48800 2.51800 -16.68800
6.28100 2.54900 -18.14100
7.60900 2.62900 -18.87500
5.39100 3.72900 -18.51600
7.79700 1.96300 -19.89100
4.88700 3.67800 -19.95300
3.92600 4.82000 -20.25000
3.46900 4.80900 -21.70300
2.53100 5.93000 -22.00000
