-37.53100 -54.46900 -40.00000
-36.15600 -54.18800 -39.68800
-36.00000 -52.90600 -38.84400
-35.31200 -54.09400 -40.93800
-36.34400 -51.81200 -39.34400
-34.56200 -55.37500 -41.31200
-33.46900 -55.15600 -42.75000
-34.28100 -56.28100 -43.93800
-36.43800 -52.93800 -37.53100
-36.03100 -52.53100 -36.18800
-35.06200 -51.37500 -36.25000
-35.37500 -53.71900 -35.46900
-34.03100 -51.43800 -36.93800
-36.37500 -54.71900 -34.90600
-37.53100 -54.28100 -34.62500
-36.03100 -55.90600 -34.78100
-35.50000 -50.12500 -35.75000
-34.56200 -49.40600 -34.90600
-35.18800 -48.09400 -34.40600
-33.28100 -49.09400 -35.68800
-35.68800 -47.31200 -35.18800
-32.25000 -50.21900 -35.81200
-31.39100 -50.03100 -37.03100
-31.39100 -50.28100 -34.56200
-35.71900 -48.03100 -33.12500
-35.31200 -47.59400 -31.79700
-35.65600 -46.12500 -31.57800
-33.81200 -47.81200 -31.59400
-35.28100 -45.25000 -32.40600
-33.46900 -49.12500 -30.92200
-31.96900 -49.28100 -30.67200
-31.56200 -50.31200 -30.06200
-31.18800 -48.40600 -31.10900
-36.78100 -45.78100 -30.87500
-37.28100 -44.96900 -29.76600
-36.12500 -44.37500 -28.95300
-38.18800 -45.81200 -28.85900
-35.25000 -45.09400 -28.48400
-37.50000 -46.96900 -28.37500
-35.59400 -43.18800 -29.25000
-34.75000 -42.18800 -28.60900
-35.37500 -41.62500 -27.34400
-34.40600 -41.06200 -29.57800
-36.43800 -40.96900 -27.40600
-32.96900 -40.59400 -29.46900
-32.65600 -39.46900 -30.09400
-32.12500 -41.25000 -28.82800
-35.37500 -42.34400 -26.20300
-35.37500 -42.09400 -24.76600
-34.31200 -41.00000 -24.43800
-35.06200 -43.37500 -23.98400
-33.15600 -41.15600 -24.78100
-36.31200 -44.09400 -23.51600
-36.00000 -45.31200 -22.67200
-36.96900 -45.96900 -22.17200
-34.81200 -45.62500 -22.50000
-34.62500 -39.71900 -24.42200
-34.09400 -38.50000 -23.79700
-33.93800 -38.65600 -22.29700
-34.96900 -37.28100 -24.10900
-34.90600 -39.00000 -21.60900
-34.34400 -36.25000 -25.01600
-35.34400 -35.43800 -25.81200
-34.87500 -34.75000 -26.84400
-36.53100 -35.43800 -25.48400
-32.93800 -39.18800 -21.73400
-32.28100 -39.15600 -20.42200
-32.31200 -37.75000 -19.84400
-30.82800 -39.68800 -20.50000
-32.03100 -36.78100 -20.56200
-30.78100 -41.18800 -20.54700
-30.20300 -39.15600 -21.67200
-33.06200 -37.40600 -18.73400
-32.96900 -36.12500 -18.06200
-31.59400 -35.84400 -17.46900
-34.03100 -36.25000 -16.95300
-30.89100 -36.78100 -17.06200
-34.31200 -37.71900 -16.85900
-33.53100 -38.40600 -17.92200
-30.81200 -34.90600 -18.04700
-29.67200 -34.15600 -17.57800
-29.64100 -34.09400 -16.04700
-29.68800 -32.75000 -18.17200
-30.67200 -33.84400 -15.41400
-28.34400 -32.34400 -18.76600
-28.25000 -31.10900 -19.23400
-27.40600 -33.12500 -18.79700
-28.65600 -34.65600 -15.28100
-28.54700 -34.53100 -13.82000
-28.46900 -33.09400 -13.34400
-27.25000 -35.28100 -13.50800
-27.78100 -32.28100 -13.95300
-26.62500 -35.53100 -14.83600
-27.51600 -34.96900 -15.90600
-29.62500 -32.46900 -12.93800
-29.82800 -31.34400 -12.04700
-28.68800 -31.23400 -11.03900
-31.15600 -31.46900 -11.31200
-28.28100 -32.21900 -10.43000
-32.34400 -30.98400 -12.11700
-33.62500 -31.00000 -11.28900
-34.84400 -30.57800 -12.10900
-36.09400 -30.60900 -11.30500
-27.62500 -30.48400 -11.35900
-26.64100 -29.87500 -10.46100
-27.17200 -29.82800 -9.03100
-26.26600 -28.46900 -10.93800
-28.34400 -29.48400 -8.81200
-25.20300 -28.46900 -12.02300
-24.79700 -27.06200 -12.44500
-23.93800 -26.92200 -13.35900
-25.32800 -26.09400 -11.86700
-26.62500 -30.59400 -8.07000
-27.09400 -30.57800 -6.68000
-27.25000 -29.15600 -6.12900
-25.98400 -31.32800 -5.93000
-26.43800 -28.28100 -6.43000
-24.84400 -31.37500 -6.87900
-25.29700 -30.84400 -8.21100
-28.45300 -28.62500 -6.02000
-28.90600 -27.51600 -5.18000
-28.20300 -27.53100 -3.82400
-30.42200 -27.57800 -4.98400
-28.07800 -28.57800 -3.19300
-31.21900 -27.07800 -6.18400
-32.40600 -26.20300 -5.80100
-33.00000 -25.56200 -6.69500
-32.71900 -26.14100 -4.59400
-27.32800 -26.51600 -3.49400
-26.65600 -26.50000 -2.19500
-27.62500 -26.62500 -1.02200
-25.95300 -25.14100 -2.18400
-28.76600 -26.15600 -1.10900
-26.60900 -24.35900 -3.27300
-27.48400 -25.29700 -4.06200
-27.75000 -27.82800 -0.35400
-28.12500 -28.20300 1.00100
-28.25000 -26.96900 1.90500
-27.12500 -29.18800 1.58700
-27.28100 -26.25000 2.09400
-27.67200 -29.95300 2.78100
-28.89100 -29.90600 3.03500
-26.85900 -30.62500 3.47700
-29.34400 -26.18800 2.01800
-29.93800 -25.12500 2.81800
-30.06200 -25.53100 4.28500
-31.31200 -24.73400 2.26400
-30.62500 -24.78100 5.09400
-31.45300 -23.25000 2.04900
-32.65600 -22.81200 1.66800
-30.50000 -22.48400 2.22500
-29.23400 -26.39100 4.89500
-29.40600 -26.75000 6.29700
-28.10900 -26.54700 7.07800
-29.87500 -28.20300 6.43000
-28.12500 -26.51600 8.31200
-28.81200 -29.09400 6.13700
-27.40600 -25.32800 6.91400
-26.42200 -24.90600 7.90200
-25.89100 -23.50000 7.60500
-25.26600 -25.90600 7.96100
-24.68800 -23.31200 7.44900
-25.29700 -26.75000 9.21900
-24.34400 -27.67200 9.32800
-26.15600 -26.57800 10.07800
-26.78100 -22.62500 7.12500
-26.23400 -21.29700 6.83600
-25.90600 -20.54700 8.12500
-27.21900 -20.48400 5.99200
-26.76600 -20.40600 9.00000
-27.29700 -20.93800 4.54300
-28.20300 -20.03100 3.72300
-28.26600 -20.43800 2.32600
-30.48400 -19.89100 2.04500
-29.29700 -20.78100 0.30200
-29.34400 -20.37500 1.56100
-24.67200 -20.62500 8.60900
-24.20300 -19.87500 9.77300
-24.34400 -18.37500 9.55500
-22.73400 -20.23400 10.07800
-23.71900 -17.81200 8.64800
-22.26600 -19.76600 11.45300
-20.85900 -20.26600 11.75800
-20.35900 -19.75000 13.10200
-19.00000 -20.26600 13.41400
-25.37500 -17.84400 10.14800
-25.60900 -16.40600 10.08600
-24.90600 -15.71100 11.24200
-27.12500 -16.07800 10.11700
-25.18800 -15.98400 12.40600
-27.84400 -16.75000 8.93800
-27.35900 -14.57000 10.10900
-29.34400 -16.54700 8.93000
-23.93800 -14.96900 10.86700
-23.12500 -14.22700 11.82000
-23.84400 -12.96100 12.28900
-21.76600 -13.86700 11.21100
-24.15600 -12.09400 11.47700
-20.75000 -13.21900 12.14800
-20.28100 -14.23400 13.18800
-19.56200 -12.66400 11.35900
-24.12500 -12.94500 13.59400
-24.73400 -11.80500 14.26600
-26.04700 -11.42200 13.58600
-23.78100 -10.60900 14.28900
-26.39100 -10.24200 13.51600
-22.53100 -10.84400 15.09400
-22.51600 -10.60900 16.46900
-21.37500 -11.29700 14.47700
-21.35900 -10.82800 17.20300
-20.21900 -11.50800 15.21900
-20.21900 -11.27300 16.57800
-26.70300 -12.42200 12.94500
-27.98400 -12.18000 12.29700
-27.89100 -11.25800 11.10200
-28.90600 -10.83600 10.54700
-26.68800 -10.93800 10.62500
-26.51600 -9.93000 9.57800
-25.84400 -10.52300 8.34400
-25.68800 -8.75000 10.10200
-26.12500 -10.10900 7.21900
-26.42200 -7.89500 11.12500
-25.60900 -6.65600 11.50000
-26.34400 -5.79300 12.51600
-25.57800 -4.55500 12.84400
-24.90600 -11.43000 8.59400
-24.10900 -11.90600 7.47300
-24.18800 -13.42200 7.35500
-22.65600 -11.46900 7.62900
-23.96900 -14.14100 8.33600
-22.46900 -9.96900 7.63700
-22.43800 -9.24200 6.44900
-22.31200 -9.27300 8.83600
-22.26600 -7.85900 6.45300
-22.14100 -7.89500 8.85200
-21.95300 -5.83200 7.66800
-22.12500 -7.19900 7.65600
-24.51600 -13.77300 6.18400
-24.43800 -15.20300 5.87500
-23.03100 -15.60900 5.45300
-25.43800 -15.56200 4.77300
-22.50000 -15.10200 4.45700
-25.53100 -17.04700 4.47700
-26.50000 -17.39100 3.36100
-26.51600 -18.54700 2.89300
-27.26600 -16.48400 2.94900
-22.43800 -16.56200 6.21500
-21.04700 -16.96900 5.95700
-21.00000 -17.96900 4.80900
-20.43800 -17.57800 7.21500
-21.81200 -18.89100 4.73000
-20.21900 -16.57800 8.33600
-18.85900 -15.39800 7.97700
-17.42200 -16.48400 8.18000
-20.07800 -17.75000 4.00000
-19.90600 -18.62500 2.85400
-18.56200 -19.35900 2.85500
-18.07800 -19.75000 3.91200
-18.06200 -19.64100 1.64200
-16.87500 -20.43800 1.43800
-15.62500 -19.70300 1.92900
-16.70300 -20.81200 -0.03800
-15.62500 -18.48400 2.02100
-16.48400 -19.60900 -0.95100
-16.39100 -20.03100 -2.41200
-16.15600 -18.89100 -3.28500
-17.34400 -19.73400 -5.07400
-16.32800 -17.68800 -5.23400
-16.60900 -18.78100 -4.53100
-14.52300 -20.40600 2.23000
-13.22700 -19.87500 2.63900
-12.49200 -19.26600 1.44900
-12.37500 -20.96900 3.28100
-12.35900 -19.90600 0.40500
-11.01600 -20.54700 3.82400
-11.18800 -19.59400 5.01200
-10.18800 -21.76600 4.21900
-12.08600 -18.01600 1.60100
-11.39100 -17.32800 0.51800
-9.88300 -17.40600 0.69600
-11.83600 -15.85900 0.45600
-9.14100 -17.45300 -0.28700
-13.31200 -15.60200 0.16100
-13.62500 -14.11700 0.27300
-13.68000 -16.14100 -1.22200
-9.44500 -17.40600 1.96200
-8.03100 -17.45300 2.28700
-7.76200 -17.73400 3.75200
-8.65600 -17.60900 4.59000
-6.49200 -18.25000 3.95900
-6.09400 -18.59400 5.32000
-4.70700 -18.04700 5.64500
-6.12100 -20.10900 5.52700
-3.76200 -18.25000 4.87900
-5.80100 -20.53100 6.95300
-5.94900 -22.03100 7.16000
-5.62100 -22.50000 8.35900
-6.35900 -22.76600 6.25000
-4.73800 -17.17200 6.69500
-3.47700 -16.67200 7.21100
-3.04100 -17.35900 8.49200
-3.61900 -18.37500 8.89100
-1.98000 -16.85900 9.11700
-1.40300 -17.43800 10.32800
-2.37100 -17.29700 11.50800
-0.06700 -16.75000 10.68800
-2.56400 -18.25000 12.26600
0.62200 -17.46900 11.84400
0.79500 -16.78100 9.53900
-3.13100 -16.17200 11.50000
-3.96900 -15.89100 12.65600
-5.39800 -15.58600 12.22700
-3.39800 -14.71900 13.46100
-6.24200 -15.25000 13.06200
-1.94500 -14.88300 13.82000
-1.55300 -15.78100 14.80500
-0.97100 -14.13300 13.17200
-0.20800 -15.93000 15.14100
0.37400 -14.28100 13.50000
0.75300 -15.17200 14.48400
-5.58600 -15.71900 10.94500
-6.91000 -15.32800 10.46900
-7.34400 -16.18800 9.28900
-6.91800 -13.85200 10.08600
-6.50800 -16.73400 8.57000
-8.68000 -16.31200 9.28900
-9.32000 -16.89100 8.10900
-10.26600 -15.89800 7.45300
-10.08600 -18.17200 8.49200
-10.94500 -15.13300 8.14100
-9.18800 -19.31200 8.96900
-10.00000 -20.54700 9.33600
-9.11700 -21.65600 9.86700
-9.92200 -22.82800 10.32800
-10.25000 -15.94500 6.11300
-11.11700 -15.02300 5.39500
-12.19500 -15.80500 4.64500
-10.31200 -14.14100 4.41000
-11.89100 -16.73400 3.89500
-11.22700 -13.11700 3.74000
-9.16400 -13.44500 5.13300
-13.44500 -15.39100 4.91400
-14.58600 -16.07800 4.32000
-15.37500 -15.14100 3.41400
-15.50000 -16.64100 5.41000
-15.40600 -13.93000 3.64300
-14.85900 -17.71900 6.25000
-15.01600 -19.06200 5.93400
-14.08600 -17.39100 7.35900
-14.42200 -20.06200 6.70300
-13.48400 -18.37500 8.13300
-13.07000 -20.68800 8.56200
-13.66400 -19.70300 7.80100
-15.93000 -15.76600 2.43600
-16.98400 -15.09400 1.69300
-18.25000 -14.96100 2.54300
-17.31200 -15.85900 0.40500
-18.59400 -15.86700 3.30300
-18.51600 -15.32000 -0.33800
-19.76600 -15.89800 -0.19000
-18.39100 -14.22700 -1.19000
-20.87500 -15.40600 -0.87500
-19.48400 -13.72700 -1.88000
-21.81200 -13.82800 -2.39500
-20.71900 -14.32000 -1.71500
-18.85900 -13.78100 2.40600
-20.10900 -13.54700 3.11900
-21.10900 -12.72700 2.33000
-20.78100 -12.19500 1.26600
-22.34400 -12.73400 2.76400
-23.42200 -11.95300 2.14800
-24.28100 -11.28100 3.20900
-24.28100 -12.85200 1.25800
-24.67200 -11.91400 4.18800
-25.20300 -12.07800 0.31900
-25.95300 -13.01600 -0.61600
-26.90600 -12.25800 -1.51900
-27.62500 -13.17200 -2.45900
-24.35900 -9.95300 3.03500
-25.29700 -9.25800 3.91600
-26.73400 -9.70300 3.66800
-25.17200 -7.74200 3.74400
-27.21900 -9.61700 2.54300
-25.98400 -6.96900 4.76600
-25.31200 -6.14800 5.55900
-27.20300 -7.11300 4.84000
-27.40600 -10.15600 4.71500
-28.70300 -10.79700 4.57000
-29.75000 -9.76600 4.16000
-29.14100 -11.50800 5.87500
-30.65600 -10.06200 3.38300
-30.50000 -12.16400 5.70300
-28.09400 -12.53100 6.30100
-29.53100 -8.47700 4.55900
-30.50000 -7.42200 4.27000
-30.26600 -6.82400 2.88500
-30.43800 -6.32400 5.33200
-31.18800 -6.73800 2.07400
-30.98400 -6.74200 6.69100
-31.00000 -5.57800 7.67200
-31.48400 -6.01200 9.04700
-31.48400 -4.87900 10.02300
-29.03100 -6.53500 2.61300
-28.71900 -5.79700 1.39600
-28.32800 -6.75000 0.27000
-27.56200 -4.79300 1.63800
-28.29700 -6.35900 -0.89900
-27.92200 -3.82600 2.76600
-26.37500 -5.50800 1.98300
-28.04700 -7.91400 0.58100
-27.57800 -8.93800 -0.34600
-26.21900 -8.58600 -0.92900
-28.59400 -9.14800 -1.47200
-25.79700 -9.15600 -1.93500
-29.92200 -9.73400 -1.00500
-29.76600 -11.10200 -0.37900
-30.23400 -11.25000 0.85300
-29.21900 -12.02300 -0.99800
-25.62500 -7.65600 -0.31000
-24.28100 -7.25400 -0.71400
-23.25000 -8.30500 -0.32900
-23.92200 -5.90200 -0.09100
-23.26600 -8.81200 0.79500
-22.56200 -5.37100 -0.53600
-22.15600 -4.09800 0.19000
-21.14100 -3.47900 -0.20100
-22.84400 -3.72100 1.15700
-22.34400 -8.64100 -1.32200
-21.25000 -9.58600 -1.05700
-20.14100 -8.91400 -0.27100
-20.70300 -10.14800 -2.36500
-19.75000 -7.78100 -0.56600
-21.92200 -11.07800 -3.32200
-19.59400 -9.75800 0.74000
-18.54700 -9.20300 1.59200
-17.46900 -10.25800 1.83800
-19.12500 -8.70300 2.93600
-17.67200 -11.43800 1.55600
-20.10900 -7.56200 2.70900
-19.78100 -9.85200 3.69900
-16.28100 -9.75800 2.20900
-15.22700 -10.61700 2.74600
-15.13300 -10.48400 4.26200
-13.89100 -10.27300 2.10200
-15.09400 -9.36700 4.79300
-15.14800 -11.67200 4.95700
-15.15600 -11.65600 6.41800
-13.87500 -12.30500 6.94900
-16.39100 -12.37500 6.98400
-13.68000 -13.51600 6.80100
-17.67200 -11.76600 6.40600
-16.40600 -12.32000 8.51600
-18.93800 -12.53100 6.75400
-13.08600 -11.42200 7.50000
-11.85200 -11.88300 8.13300
-12.07800 -12.21900 9.60200
-10.75000 -10.82800 8.00000
-12.50800 -11.36700 10.38300
-9.38300 -11.29700 8.47700
-8.31200 -10.24200 8.21900
-6.93400 -10.74200 8.62500
-5.86700 -9.74200 8.29700
-11.78100 -13.46900 9.95300
-12.01600 -13.95300 11.30500
-10.68000 -14.13300 12.02300
-12.80500 -15.28100 11.31200
-9.82800 -14.91400 11.58600
-13.14100 -15.70300 12.74200
-14.07000 -15.14100 10.47700
-10.57800 -13.47700 13.13300
-9.33600 -13.50800 13.89100
-9.58600 -14.09400 15.28100
-8.71900 -12.09400 14.00800
-10.50800 -13.66400 15.97700
-8.46900 -11.50000 12.61700
-7.42200 -12.14100 14.82800
-8.14100 -10.01600 12.63300
-8.68000 -14.98400 15.66400
-8.76600 -15.58600 17.00000
-8.10200 -14.69500 18.04700
-8.11700 -16.96900 17.00000
-6.91000 -14.39800 17.95300
-7.91800 -17.42200 18.32800
-8.89800 -14.31200 19.18800
-8.35900 -13.44500 20.21900
-7.30500 -14.17200 21.04700
-9.48400 -12.94500 21.14100
-6.32000 -13.56200 21.48400
-10.39800 -11.91400 20.48400
-11.43800 -11.39100 21.45300
-12.37500 -10.38300 20.79700
-13.40600 -9.88300 21.75000
-7.48400 -15.44500 21.20300
-6.53100 -16.25000 21.96900
-5.17200 -16.29700 21.26600
-7.06600 -17.67200 22.17200
-4.14100 -16.07800 21.90600
-6.18800 -18.53100 23.06200
-6.67600 -19.96900 23.17200
-5.97300 -20.79700 23.79700
-7.76600 -20.26600 22.64100
-5.18400 -16.54700 20.00000
-3.95900 -16.64100 19.20300
-3.23800 -15.29700 19.12500
-4.27000 -17.15600 17.79700
-2.01000 -15.24200 19.21900
-4.68000 -18.62500 17.75000
-4.94900 -19.10900 16.34400
-5.25400 -20.39100 16.20300
-4.88300 -18.32800 15.37500
-4.01200 -14.30500 19.06200
-3.44900 -12.96100 18.95300
-2.81600 -12.55500 20.28100
-4.52300 -11.93000 18.53100
-1.73300 -11.96900 20.31200
-3.98800 -10.50800 18.68800
-4.98000 -12.18800 17.10900
-3.47700 -12.85900 21.37500
-2.96500 -12.54700 22.70300
-1.66200 -13.29700 22.96900
-4.00400 -12.89800 23.76600
-0.70500 -12.71100 23.48400
-3.70300 -12.29700 25.14100
-4.91400 -12.28100 26.04700
-4.97300 -11.29700 26.93800
-5.78500 -13.14800 25.95300
-1.65500 -14.49200 22.60900
-0.46400 -15.32000 22.81200
0.71300 -14.78100 22.00000
-0.74500 -16.76600 22.42200
1.85400 -14.80500 22.46900
-1.49800 -17.56200 23.48400
-1.67500 -19.01600 23.07800
-2.51400 -19.78100 24.09400
-2.72100 -21.20300 23.68800
0.39600 -14.19500 20.92200
1.42600 -13.70300 20.01600
1.74800 -12.24200 20.28100
0.98200 -13.88300 18.56200
2.63500 -11.66400 19.65600
1.01300 -11.60200 21.25000
1.22700 -10.21100 21.59400
0.89500 -9.25800 20.46900
1.59800 -8.26600 20.25000
-0.14500 -9.55500 19.64100
-0.42000 -8.82000 18.40600
-1.70700 -8.01600 18.53100
-0.51800 -9.78900 17.21900
-2.25800 -7.56200 17.51600
0.81200 -10.40600 16.82800
0.73400 -11.25000 15.19500
1.05800 -12.96100 15.71100
-2.23000 -7.85500 19.71900
-3.50000 -7.16000 19.90600
-3.39500 -5.70700 19.43800
-3.94100 -7.21500 21.35900
-4.30900 -5.18800 18.79700
-5.37900 -6.77300 21.59400
-6.59400 -7.92600 20.84400
-7.85900 -6.74600 20.29700
-2.32400 -5.12900 19.71900
-2.10000 -3.74000 19.31200
-2.07600 -3.59600 17.79700
-0.79100 -3.21700 19.92200
-2.59600 -2.61700 17.25000
-0.66100 -1.70100 19.87500
0.65900 -1.19800 20.43800
0.92900 0.02100 20.35900
1.43000 -2.03100 20.96900
-1.58300 -4.58200 17.12500
-1.51600 -4.58200 15.67200
-2.91000 -4.66400 15.05500
-0.65500 -5.74600 15.17200
-3.19300 -4.00000 14.05500
0.83600 -5.55100 15.41400
1.66300 -6.73800 14.95300
2.98200 -6.61700 15.06200
1.12000 -7.75000 14.50000
-3.72500 -5.44500 15.67200
-5.08600 -5.61300 15.18000
-5.86300 -4.30900 15.35200
-5.81600 -6.76600 15.90600
-6.56200 -3.87300 14.43000
-5.18800 -8.11700 15.53100
-7.31200 -6.75000 15.58600
-5.82400 -9.31200 16.23400
-5.78500 -3.71300 16.48400
-6.43400 -2.43200 16.75000
-5.95700 -1.36400 15.76600
-6.17600 -1.97700 18.18800
-6.75800 -0.57100 15.26600
-6.91400 -2.79700 19.23400
-6.60200 -2.37100 20.65600
-7.18000 -2.95100 21.60900
-5.77700 -1.44700 20.82800
-4.83200 -1.52100 15.44500
-4.24200 -0.57100 14.50800
-4.77700 -0.78800 13.10200
-2.71500 -0.69000 14.51600
-5.06600 0.17400 12.38300
-2.01200 0.38100 13.69500
-0.49800 0.25600 13.78900
-0.01400 0.53100 15.14100
2.20500 0.11100 14.64800
1.58800 0.72700 16.76600
1.25900 0.45500 15.51600
-4.67200 -1.96700 12.75800
-5.20700 -2.29700 11.44500
-6.62100 -1.74500 11.26600
-5.20700 -3.81200 11.22700
-6.93800 -1.15600 10.23400
-5.62100 -4.23400 9.82800
-5.42600 -5.71900 9.56200
-5.67600 -6.17200 8.42200
-5.02000 -6.43400 10.50000
-7.41400 -1.89500 12.28100
-8.78900 -1.40000 12.24200
-8.78100 0.12000 12.10200
-9.57000 -1.82100 13.50000
-9.51600 0.67500 11.27300
-9.77300 -3.34200 13.52300
-10.91400 -1.09000 13.57000
-10.33600 -3.87300 14.83600
-7.91000 0.74400 12.85200
-7.82000 2.19900 12.83600
-7.39800 2.71500 11.46900
-6.83200 2.68800 13.89800
-7.96900 3.68200 10.96100
-7.28100 2.34400 15.20300
-6.45700 2.03900 10.88300
-5.93800 2.44900 9.58600
-7.02300 2.28900 8.52300
-4.68400 1.63900 9.18800
-7.24600 3.19100 7.71100
-4.34400 1.84800 7.71500
-3.50000 2.02900 10.07800
-7.67200 1.20600 8.53100
-8.67200 0.88900 7.52000
-9.86700 1.82900 7.62100
-9.13300 -0.56200 7.65200
-10.52300 2.12100 6.61700
-8.10200 -1.58000 7.20300
-8.72700 -3.30300 7.28900
-9.85200 -3.30700 5.86700
-10.11700 2.30700 8.82800
-11.18000 3.28900 9.00800
-10.75800 4.66000 8.48400
-11.57000 3.39100 10.48400
-11.59400 5.44100 8.03100
-12.41400 2.23000 10.98400
-12.84400 2.43000 12.43000
-13.79700 1.33600 12.89100
-14.21100 1.52400 14.31200
-9.42200 4.93800 8.50800
-8.85900 6.22700 8.11700
-8.71100 6.31600 6.60200
-7.50400 6.44500 8.78900
-8.85900 7.39800 6.02300
-6.84000 7.80500 8.54700
-7.63700 8.90600 9.23400
-5.39800 7.78900 9.04700
-8.51600 5.19900 6.02300
-8.14800 5.18800 4.61300
-9.36700 4.83600 3.76400
-7.00400 4.19100 4.33200
-9.85200 3.70300 3.79500
-6.65200 4.17600 2.84600
-5.77700 4.53900 5.17200
-10.00800 5.89100 3.19700
-11.10200 5.70700 2.24800
-10.71100 6.18400 0.85400
-12.35900 6.45300 2.72300
-10.57800 7.38700 0.61700
-12.98400 5.86300 3.98000
-14.21100 6.62500 4.43400
-14.64100 6.38300 5.66800
-14.77300 7.42600 3.68000
-10.49200 5.19100 0.04400
-10.00800 5.43000 -1.31100
-10.52300 4.36300 -2.27500
-8.48400 5.47300 -1.33300
-10.66400 3.19700 -1.89700
-7.91400 5.93000 -2.63900
-7.45700 7.14100 -3.03100
-7.77000 5.09000 -3.72300
-7.24200 5.77000 -4.73000
-7.04700 7.01600 -4.33600
-10.84400 4.83600 -3.55900
-11.38300 3.88100 -4.52700
-10.45300 2.69300 -4.76600
-11.53900 4.71500 -5.80100
-10.90600 1.62000 -5.16800
-10.67200 5.91400 -5.57800
-10.63300 6.20700 -4.10500
-9.17200 2.83600 -4.57000
-8.21100 1.77800 -4.85900
-7.68000 1.13400 -3.58400
-7.05100 2.32200 -5.70300
-6.61300 0.51500 -3.59200
-7.50400 2.85200 -7.04700
-8.03900 1.96700 -7.88300
-7.37900 4.04300 -7.33600
-8.43800 1.31300 -2.45700
-8.16400 0.62700 -1.19800
-9.40600 -0.13400 -0.74700
-7.71900 1.61600 -0.09800
-10.52300 0.39300 -0.80700
-7.53500 0.89400 1.23500
-6.42600 2.32200 -0.50900
-9.21900 -1.36600 -0.29900
-10.33600 -2.17800 0.17500
-10.98400 -1.50400 1.38000
-9.88300 -3.60700 0.54500
-10.29700 -1.05800 2.29900
-11.00000 -4.36300 1.25700
-9.43000 -4.36300 -0.70400
-12.28900 -1.48100 1.32700
-13.05500 -0.76800 2.34200
-13.42200 -1.68700 3.50600
-14.32000 -0.16400 1.73100
-13.84400 -2.82600 3.29500
-15.14800 0.65900 2.71300
-16.43800 1.19900 2.10900
-17.18800 1.90300 2.82000
-16.68800 0.91500 0.91900
-13.18000 -1.17400 4.69900
-13.70300 -1.80800 5.90600
-15.14100 -1.37600 6.16800
-12.82000 -1.46600 7.10900
-15.41400 -0.18300 6.30500
-13.24200 -2.07400 8.45300
-13.05500 -3.58800 8.42200
-12.44500 -1.45200 9.59400
-15.98400 -2.31200 6.25400
-17.39100 -1.97500 6.38300
-17.82800 -1.99500 7.84800
-18.26600 -2.93900 5.56600
-18.54700 -1.10100 8.29700
-18.07800 -2.81100 4.06200
-19.03100 -3.72500 3.30100
-18.92200 -3.51000 1.79700
-20.10900 -4.06600 1.07900
-17.32800 -3.00800 8.44500
-17.78100 -3.17200 9.82800
-16.82800 -4.07000 10.60900
-19.18800 -3.74800 9.87500
-16.15600 -4.93800 10.03100
-19.78100 -3.81400 11.27300
-21.21900 -4.31200 11.29700
-21.84400 -4.33600 12.38300
-21.73400 -4.68800 10.21100
-16.76600 -3.79700 11.95300
-16.01600 -4.66800 12.85200
-16.93800 -5.23000 13.92200
-14.82000 -3.92400 13.50000
-17.70300 -4.48400 14.53900
-14.06200 -4.84800 14.45300
-13.88300 -3.37700 12.43000
-16.84400 -6.55900 14.11700
-17.60900 -7.24200 15.14800
-16.70300 -8.10900 16.01600
-18.71900 -8.10200 14.52300
-15.60200 -8.46100 15.60200
-19.68800 -7.31200 13.65600
-20.89100 -8.39100 12.79700
-19.81200 -9.16400 11.55500
-17.20300 -8.32800 17.20300
-16.35900 -9.14100 18.06200
-17.20300 -10.01600 18.98400
-15.43000 -8.25000 18.89100
-18.31200 -9.64800 19.35900
-16.71900 -11.27300 19.26600
-17.20300 -12.14800 20.32800
-16.14100 -12.30500 21.42200
-17.57800 -13.53100 19.78100
-15.09400 -11.65600 21.37500
-18.54700 -13.41400 18.60900
-16.39100 -14.20300 19.32800
-16.48400 -13.11700 22.39100
-15.53900 -13.35200 23.46900
-14.24200 -13.96100 22.93800
-16.14100 -14.26600 24.53100
-13.15600 -13.64800 23.43800
-17.18800 -13.58600 25.40600
-17.68800 -14.51600 26.50000
-18.81200 -13.87500 27.32800
-19.31200 -14.78900 28.39100
-14.33600 -14.60900 21.84400
-13.16400 -15.38300 21.42200
-12.68000 -14.94500 20.04700
-13.48400 -16.87500 21.40600
-11.53900 -15.23400 19.67200
-14.53900 -17.15600 20.51600
-13.46100 -14.14100 19.34400
-13.07800 -13.85200 17.95300
-13.36700 -12.39100 17.60900
-13.82000 -14.77300 16.98400
-14.27300 -11.78100 18.17200
-13.45300 -16.25000 17.14100
-14.10900 -17.09400 16.06200
-13.75800 -18.56200 16.21900
-14.46900 -19.42200 15.21900
-12.53900 -11.85200 16.65600
-12.78900 -10.55500 16.03100
-13.09400 -10.75000 14.55500
-11.58600 -9.60200 16.21900
-12.41400 -11.52300 13.87500
-11.26600 -9.42200 17.70300
-11.87500 -8.25000 15.55500
-9.95300 -8.69500 17.96900
-14.13300 -10.00000 14.08600
-14.54700 -10.13300 12.69500
-14.38300 -8.80500 11.96100
-16.00000 -10.60900 12.60900
-14.93000 -7.78500 12.37500
-16.26600 -11.90600 13.32000
-16.25000 -13.10900 12.63300
-16.53100 -11.92200 14.68800
-16.48400 -14.31200 13.28900
-16.76600 -13.11700 15.35200
-16.75000 -14.31200 14.65600
-13.64100 -8.85200 10.84400
-13.56200 -7.73400 9.90600
-14.47700 -7.96900 8.71100
-12.12500 -7.52000 9.43800
-14.25000 -8.89100 7.92200
-11.19500 -7.05900 10.53100
-11.55500 -7.16400 11.86700
-9.95300 -6.52000 10.21900
-10.69500 -6.73800 12.87500
-9.08600 -6.09400 11.21900
-9.46100 -6.20300 12.54700
-15.50000 -7.09400 8.61700
-16.32800 -7.15600 7.41400
-15.80500 -6.15600 6.38300
-17.81200 -6.88700 7.72700
-15.85200 -4.94500 6.61300
-18.65600 -7.05100 6.46900
-18.29700 -7.81600 8.83600
-15.37500 -6.68800 5.19500
-14.71100 -5.86700 4.19100
-15.37500 -6.02700 2.82800
-13.22700 -6.23400 4.09800
-16.10900 -6.99200 2.59800
-12.47700 -6.12100 5.41800
-10.75000 -6.72300 5.30100
-11.04700 -8.49200 5.04700
-15.07000 -5.02700 2.04500
-15.46900 -5.12100 0.64500
-14.93000 -6.39100 -0.00400
-14.99200 -3.89100 -0.13400
-13.76600 -6.74600 0.18400
-15.31200 -3.94500 -1.62100
-14.65600 -2.82400 -2.41400
-14.85200 -2.76000 -3.64800
-13.93800 -2.00800 -1.79600
-15.89800 -7.12100 -0.63500
-15.49200 -8.28900 -1.40800
-15.07000 -7.88700 -2.81600
-16.62500 -9.31200 -1.47500
-15.88300 -7.37900 -3.59400
-16.28100 -10.54700 -2.27100
-17.01600 -10.89800 -3.40000
-15.21900 -11.36700 -1.89800
-16.70300 -12.03900 -4.13700
-14.89800 -12.50800 -2.62900
-15.32800 -13.96100 -4.46900
-15.64100 -12.82800 -3.74400
-13.74200 -8.10900 -3.14800
-13.19500 -7.78100 -4.46100
-13.21900 -9.01600 -5.35500
-11.75800 -7.23000 -4.35900
-12.46900 -9.96900 -5.13300
-11.24200 -6.79300 -5.73000
-11.70300 -6.06600 -3.36900
-14.01600 -9.06200 -6.39100
-14.44500 -10.24200 -7.14500
-13.35200 -10.69500 -8.10900
-15.73400 -9.94500 -7.91000
-13.26600 -11.88300 -8.43800
-16.95300 -9.78900 -7.02000
-18.20300 -9.44500 -7.82400
-19.35900 -9.21900 -6.96100
-20.28100 -11.31200 -7.29700
-21.32800 -9.79700 -5.92600
-20.31200 -10.10900 -6.73000
-12.44500 -9.82000 -8.46100
-11.51600 -10.03900 -9.55500
-10.26600 -10.78100 -9.13300
-9.46100 -11.19500 -9.97700
-10.21100 -11.10200 -7.83200
-9.11700 -11.90600 -7.30100
-7.80500 -11.14800 -7.22300
-7.78100 -9.92200 -7.37500
-6.69100 -11.90600 -6.97700
-5.37100 -11.32000 -6.76600
-4.71100 -10.96100 -8.09400
-4.47700 -12.27300 -5.97700
-4.83600 -11.69500 -9.07800
-5.01200 -12.61700 -4.59400
-4.19500 -13.68800 -3.88100
-4.63300 -14.17200 -2.81600
-3.10400 -14.03100 -4.39100
-4.05100 -9.83600 -8.10200
-3.27700 -9.39800 -9.25800
-2.25800 -10.45300 -9.66400
-2.56600 -8.07000 -8.96100
-2.01400 -10.66400 -10.85200
-1.79700 -7.44100 -10.12500
-2.75000 -7.08200 -11.25800
-1.03100 -6.21100 -9.65600
-1.75700 -11.14100 -8.72700
-0.72900 -12.15600 -8.92200
-1.22900 -13.26600 -9.84400
-0.29600 -12.75000 -7.57800
-0.46300 -13.81200 -10.64100
0.89800 -13.65600 -7.67200
0.73900 -15.03900 -7.65200
2.18000 -13.13300 -7.77700
1.84200 -15.88300 -7.73800
3.28700 -13.97700 -7.86300
3.11500 -15.35200 -7.84400
-2.44900 -13.60900 -9.69500
-3.01400 -14.68000 -10.52300
-2.94900 -14.31200 -12.00800
-4.45300 -14.96100 -10.10900
-2.80100 -15.18800 -12.85900
-2.90800 -13.10200 -12.28100
-2.79500 -12.64100 -13.65600
-1.34100 -12.64800 -14.12500
-3.38700 -11.24200 -13.81200
-1.05600 -12.93800 -15.28900
-4.90600 -11.21900 -13.88300
-5.41800 -9.89100 -14.43000
-6.93400 -9.89100 -14.57800
-7.41400 -8.72700 -15.38300
-0.44700 -12.35200 -13.24200
0.97900 -12.26600 -13.53900
1.54000 -13.66400 -13.77300
1.75500 -11.56200 -12.40600
2.46700 -13.85200 -14.56200
3.25600 -11.57800 -12.68800
1.25900 -10.12500 -12.23400
0.98800 -14.68800 -13.13300
1.44300 -16.06200 -13.24200
1.18300 -16.59400 -14.65600
0.75100 -16.98400 -12.20300
1.90100 -17.45300 -15.14800
1.08700 -18.45300 -12.46100
1.15700 -16.57800 -10.78900
0.27800 -15.95300 -15.37500
-0.07900 -16.34400 -16.73400
0.83500 -15.68000 -17.76600
-1.53800 -15.99200 -17.03100
0.81600 -16.03100 -18.93800
-2.54500 -16.82800 -16.25000
-3.97700 -16.45300 -16.60900
-4.98400 -17.25000 -15.78900
-6.39100 -16.89100 -16.14100
1.81000 -14.84400 -17.25000
2.77100 -14.11700 -18.06200
2.77100 -12.62500 -17.79700
2.17800 -12.16400 -16.81200
3.61500 -11.85900 -18.57800
3.71900 -10.41400 -18.40600
2.39800 -9.72700 -18.75000
4.84000 -9.85200 -19.28100
1.57000 -10.28100 -19.46900
4.55900 -9.93800 -20.78100
5.69100 -9.32000 -21.59400
5.41800 -9.41400 -23.09400
6.25000 -8.45300 -23.87500
2.23200 -8.58600 -18.09400
1.07000 -7.74600 -18.35900
1.42100 -6.70700 -19.42200
0.56500 -7.05100 -17.07800
2.55500 -6.22700 -19.48400
-0.65200 -6.18000 -17.37500
0.23000 -8.08600 -16.00000
0.54700 -6.50000 -20.29700
0.78800 -5.48800 -21.32800
1.08500 -4.12900 -20.70300
-0.41300 -5.38700 -22.26600
0.49600 -3.76400 -19.68800
-0.55200 -6.56600 -23.21900
-1.27600 -6.21500 -24.51600
-1.24300 -7.02300 -25.46900
-1.88200 -5.12100 -24.56200
1.93500 -3.46300 -21.26600
2.46700 -2.21500 -20.73400
1.34400 -1.24800 -20.35900
3.41800 -1.56000 -21.73400
1.35700 -0.65200 -19.28100
4.00800 -0.24000 -21.25000
4.98400 0.37600 -22.25000
5.48000 1.49500 -21.98400
5.25000 -0.26600 -23.28100
0.41300 -1.09300 -21.23400
-0.68100 -0.15400 -21.00000
-1.47900 -0.53000 -19.75000
-1.60400 -0.09400 -22.21900
-1.82300 0.33500 -18.95300
-2.64500 1.01700 -22.14100
-3.49400 1.12100 -23.40600
-4.37100 2.01200 -23.46900
-3.28300 0.30600 -24.32800
-1.77100 -1.74400 -19.67200
-2.50400 -2.22900 -18.50000
-1.66300 -2.11500 -17.23400
-2.94700 -3.67800 -18.70300
-2.16800 -1.72800 -16.17200
-3.88100 -4.19900 -17.62500
-5.17200 -3.40600 -17.53100
-5.42600 -2.81800 -16.35900
-5.93400 -3.32200 -18.50000
-0.38300 -2.52100 -17.28100
0.53400 -2.38300 -16.15600
0.60300 -0.93400 -15.68800
1.92600 -2.88100 -16.54700
0.61400 -0.66900 -14.47700
0.59600 -0.11400 -16.60900
0.63200 1.30800 -16.28100
-0.61500 1.72300 -15.51600
0.76400 2.15000 -17.56200
-0.52400 2.46100 -14.53100
0.99000 3.63100 -17.29700
1.04000 4.43400 -18.59400
2.09400 3.95300 -19.48400
0.65000 2.98800 -21.00000
2.91600 2.89100 -21.34400
1.88400 3.27700 -20.60900
-1.75700 1.32700 -15.97700
-3.01000 1.63200 -15.28900
-2.99000 1.11800 -13.85200
-4.19500 1.02900 -16.04700
-3.36300 1.84000 -12.93000
-4.56600 1.78200 -17.31200
-5.80100 1.18400 -17.98400
-6.13700 1.89600 -19.28100
-7.27700 1.24400 -19.98400
-2.57600 -0.07200 -13.65600
-2.48200 -0.64500 -12.32000
-1.52800 0.16100 -11.44500
-2.02100 -2.10400 -12.39100
-1.84200 0.47100 -10.29700
-3.02900 -3.02900 -13.02300
-4.39100 -2.74200 -12.98400
-2.62300 -4.19500 -13.66400
-5.32400 -3.59600 -13.56200
-3.54700 -5.05500 -14.25000
-5.81200 -5.59400 -14.77300
-4.89500 -4.74600 -14.19500
-0.39600 0.47000 -12.05500
0.62800 1.19200 -11.31200
0.14200 2.58600 -10.93000
1.92100 1.29100 -12.12500
0.39100 3.05500 -9.82000
3.10400 1.77500 -11.33600
3.64100 3.03700 -11.56200
3.68000 0.96800 -10.35900
4.73800 3.48800 -10.82800
4.77300 1.41200 -9.62500
5.30100 2.67200 -9.85900
-0.53900 3.20700 -11.80500
-1.11800 4.51600 -11.50800
-2.09400 4.43400 -10.33600
-1.82500 5.07800 -12.74200
-2.07800 5.28900 -9.45300
-0.87400 5.54300 -13.83600
-1.58700 5.87100 -15.13300
-0.91400 6.60900 -16.01600
-2.73200 5.46500 -15.35200
-2.94300 3.45100 -10.32000
-3.90200 3.25000 -9.24200
-3.19500 2.92800 -7.92600
-4.88700 2.13300 -9.59400
-3.59200 3.41400 -6.86700
-5.83200 2.48400 -10.73400
-6.72300 1.32300 -11.14100
-7.83600 1.62900 -11.79700
-6.41000 0.16000 -10.85900
-2.14500 2.15400 -8.07000
-1.35100 1.82400 -6.89100
-0.73200 3.07800 -6.28100
-0.25100 0.82100 -7.25000
-0.85100 3.31200 -5.07400
0.73800 0.47100 -6.13700
-0.00100 -0.08900 -4.92600
1.78000 -0.52100 -6.64100
-0.13300 3.90400 -7.14500
0.53600 5.10900 -6.67600
-0.49300 6.08200 -6.09800
1.33900 5.78900 -7.80500
-0.25200 6.71100 -5.06600
2.50000 4.89500 -8.25000
1.84900 7.16400 -7.35900
3.44500 4.50000 -7.12500
-1.65800 6.12500 -6.71900
-2.73800 6.96100 -6.20700
-3.15600 6.53100 -4.80500
-3.94500 6.91000 -7.14500
-3.30900 7.37100 -3.91400
-5.02300 7.66800 -6.62100
-3.31200 5.26600 -4.53900
-3.69300 4.71500 -3.24200
-2.61300 4.97700 -2.19700
-3.96100 3.21500 -3.36100
-2.90800 5.44500 -1.09500
-1.38700 4.78900 -2.60000
-0.27800 4.91400 -1.65900
-0.05400 6.38700 -1.31700
1.01800 4.29300 -2.22700
0.23700 6.72700 -0.16800
0.84300 2.78300 -2.42400
2.20700 4.59400 -1.31100
0.37300 2.04700 -1.17600
-0.15900 7.18400 -2.32600
-0.06100 8.61700 -2.08000
-1.08400 9.07000 -1.03800
-0.25700 9.39800 -3.37900
-0.75100 9.81200 -0.11500
-0.04000 10.89800 -3.21100
0.93100 11.29700 -2.53500
-0.85000 11.68000 -3.75600
-2.32400 8.53900 -1.23000
-3.40200 8.84400 -0.29800
-3.06200 8.35900 1.10600
-4.71500 8.21100 -0.76700
-3.20900 9.10200 2.07800
-5.88700 8.50000 0.14000
-6.34000 7.55100 1.05400
-6.54700 9.71900 0.08300
-7.41800 7.81200 1.88900
-7.62900 9.99200 0.91400
-9.12500 9.29700 2.63700
-8.05500 9.03900 1.81200
-2.58600 7.21100 1.24400
-2.22300 6.64100 2.53700
-1.10700 7.44500 3.19300
-1.78800 5.18400 2.37700
-1.19900 7.79700 4.37100
-3.13300 4.07000 1.91700
-0.08300 7.73400 2.42800
1.06100 8.46100 2.96100
0.65100 9.85200 3.44300
2.16200 8.57800 1.90400
1.17200 10.34400 4.44900
2.88700 7.29700 1.64900
2.76400 6.07800 2.22500
3.87900 7.17600 0.70100
4.33600 5.93800 0.70200
3.67400 5.24600 1.61700
-0.29100 10.47700 2.80100
-0.76000 11.80500 3.17600
-1.47200 11.78100 4.52300
-1.69800 12.36700 2.10500
-1.61300 12.81200 5.17600
-2.97100 11.75000 2.18000
-1.79400 10.60200 4.96500
-2.47900 10.44500 6.24200
-1.57100 9.78900 7.27700
-3.76200 9.63300 6.07400
-2.04500 9.31200 8.31200
-4.88700 10.38300 5.38700
-6.02300 9.45300 4.98000
-7.16400 10.20300 4.44900
-6.18400 10.64800 2.40800
-8.29700 11.40600 2.85900
-7.21100 10.75000 3.24000
-0.34100 9.74200 6.82800
0.66400 9.25000 7.75400
0.69600 7.73800 7.85200
1.20400 7.18800 8.82800
0.05300 7.13300 6.89100
-0.01600 5.67600 6.91000
0.94300 5.09800 5.87100
-1.45200 5.17200 6.64800
0.86200 5.43400 4.68800
-1.48700 3.64500 6.59400
-2.40600 5.69100 7.72300
1.84800 4.22700 6.39800
2.68000 3.43000 5.50800
2.23600 1.97000 5.49600
4.14800 3.52100 5.91400
2.04100 1.36700 6.55500
4.56600 4.87100 5.99200
2.10000 1.44600 4.21900
1.57700 0.08900 4.10200
2.59400 -0.93600 4.59800
1.19000 -0.21300 2.65200
2.26000 -1.80800 5.40200
0.42400 -1.48700 2.49000
-0.88400 -1.71000 2.21700
1.01000 -2.72900 2.61100
0.09300 -3.66200 2.41800
-1.06400 -3.07000 2.17800
3.81800 -1.05100 4.01200
5.00000 -1.77600 4.46100
4.93000 -3.24400 4.05500
5.16000 -1.65800 5.97700
5.77700 -4.04700 4.45300
5.46100 -0.24800 6.45700
5.43800 -0.15100 7.97700
6.42600 -1.03200 8.59400
5.78500 -0.58100 10.76600
7.50400 -2.04100 10.35200
6.57000 -1.21700 9.89800
3.90400 -3.62500 3.30900
3.83400 -4.99600 2.81200
3.18400 -5.05100 1.43300
3.06200 -5.88300 3.79300
2.33400 -5.90600 1.17400
3.30900 -7.36300 3.57400
4.41400 -7.74200 3.13100
2.38700 -8.16400 3.84200
3.60500 -4.09400 0.61400
3.06100 -4.07800 -0.74000
3.65800 -5.19900 -1.58000
3.33000 -2.72700 -1.40800
4.88300 -5.34000 -1.65600
2.57800 -1.52400 -0.83300
3.16600 -0.22400 -1.37000
1.09100 -1.61800 -1.16000
2.74200 -5.97700 -2.18200
3.04100 -7.09400 -3.07200
1.81000 -7.50400 -3.87500
3.56800 -8.28900 -2.27500
0.68500 -7.14500 -3.52100
2.59800 -8.81200 -1.22700
3.20900 -9.94500 -0.41300
2.23200 -10.47700 0.62700
2.85200 -11.53900 1.47700
2.13900 -8.18000 -4.93400
1.00100 -8.50000 -5.80100
-0.08400 -9.29700 -5.07400
1.63400 -9.34400 -6.91400
-1.26800 -9.16400 -5.39800
3.02300 -8.80500 -7.05100
3.53900 -8.46100 -5.68400
0.21800 -10.05500 -4.06200
-0.73200 -10.83600 -3.27700
-1.68800 -9.93800 -2.50400
0.00600 -11.77300 -2.31400
-2.79100 -10.35200 -2.14600
0.86100 -12.82000 -3.00800
2.27300 -12.34400 -3.30900
3.15800 -13.18800 -3.56800
2.49600 -11.10900 -3.28300
-1.21200 -8.75800 -2.20300
-2.04500 -7.81600 -1.46100
-2.71300 -6.80500 -2.38900
-1.21800 -7.09000 -0.39600
-3.28300 -5.81200 -1.92700
-0.86100 -7.98400 0.77500
0.13300 -7.57400 1.55400
-1.47500 -9.03900 0.97800
-2.62300 -6.96900 -3.65400
-3.28500 -6.15600 -4.66800
-4.36700 -6.96100 -5.38300
-2.26800 -5.63700 -5.68800
-4.09000 -8.01600 -5.96100
-1.04500 -4.91800 -5.11300
-0.09200 -4.51600 -6.23400
-1.47000 -3.69700 -4.30500
-5.58600 -6.48000 -5.25800
-6.73800 -7.18400 -5.81600
-7.31200 -6.42600 -7.00800
-7.81600 -7.37500 -4.74600
-7.02700 -5.23800 -7.18800
-7.37500 -8.05500 -3.45100
-8.50800 -8.03900 -2.43200
-6.91400 -9.48400 -3.72500
-8.05500 -7.17600 -7.79300
-8.73400 -6.56200 -8.92200
-10.25000 -6.73000 -8.80500
-8.24200 -7.16800 -10.24200
-10.72700 -7.81200 -8.46900
-6.77000 -6.95300 -10.57800
-6.39500 -7.72700 -11.83600
-6.46900 -5.46900 -10.75000
-10.90600 -5.60200 -9.08600
-12.35900 -5.71500 -9.04700
-12.91400 -6.14800 -10.39800
-12.99200 -4.38700 -8.61700
-12.14800 -6.50800 -11.29700
-12.80500 -3.28500 -9.64800
-12.44500 -3.58800 -10.80500
-13.01600 -2.10500 -9.29700
-14.20300 -6.25400 -10.59400
-14.86700 -6.78500 -11.78100
-14.60900 -5.89800 -13.00000
-16.37500 -6.92600 -11.53900
-14.70300 -6.35900 -14.14100
-16.70300 -7.90600 -10.43000
-15.86700 -8.78100 -10.11700
-17.81200 -7.80100 -9.85900
-14.22700 -4.72700 -12.64100
-13.99200 -3.79300 -13.73400
-12.50800 -3.73000 -14.08600
-14.50000 -2.39600 -13.37500
-12.08600 -2.91800 -14.91400
-16.00000 -2.27100 -13.10900
-16.34400 -0.85900 -12.64800
-16.79700 -2.63500 -14.35900
-11.74200 -4.50400 -13.34400
-10.31200 -4.55500 -13.60900
-9.53900 -3.44700 -12.92200
-8.43800 -3.09000 -13.35200
-10.16400 -2.82200 -11.93000
-9.48400 -1.79200 -11.15600
-8.75800 -2.38500 -9.95300
-10.47700 -0.72200 -10.69500
-9.26600 -3.29900 -9.29700
-11.13300 0.00200 -11.85900
-12.45300 0.11200 -11.82000
-10.45300 0.45800 -12.78100
-7.59800 -1.76400 -9.64800
-6.73000 -2.25600 -8.58600
-7.23000 -1.79000 -7.22300
-5.29300 -1.78500 -8.80500
-7.68800 -0.65400 -7.07800
-4.24600 -2.32400 -7.82400
-2.92400 -2.56600 -8.53900
-4.05900 -1.36000 -6.65600
-7.22700 -2.72100 -6.25800
-7.51600 -2.39500 -4.86300
-6.41000 -2.90400 -3.94100
-8.85900 -2.98000 -4.44100
-6.07400 -4.09000 -3.96500
-10.04700 -2.43900 -5.22700
-10.78100 -1.35400 -4.45300
-12.07000 -0.94500 -5.14800
-12.63300 0.32200 -4.58600
-5.94900 -1.98800 -3.10400
-4.92600 -2.36500 -2.13500
-5.58600 -2.94100 -0.88300
-4.02700 -1.16400 -1.76000
-6.56200 -2.38500 -0.37700
-2.97500 -1.57600 -0.73400
-3.36700 -0.58400 -3.00800
-5.07400 -4.09800 -0.47900
-5.62100 -4.74600 0.70700
-4.53100 -5.03100 1.73300
-6.32800 -6.04700 0.32700
-3.35700 -4.73400 1.49900
-5.39500 -7.02300 -0.09700
-4.92600 -5.42200 2.93200
-4.10900 -6.00000 3.99400
-3.15000 -4.96500 4.57400
-3.32600 -7.20700 3.47300
-1.98400 -4.89500 4.17600
-2.81200 -8.10200 4.58600
-2.93400 -7.73400 5.77300
-2.27700 -9.18800 4.27000
-3.58200 -4.28900 5.60500
-2.81200 -3.25800 6.29300
-2.25000 -3.78700 7.60500
-3.67800 -2.02100 6.55100
-1.99700 -3.01600 8.53100
-3.96300 -1.20900 5.31600
-3.18200 -0.10400 5.00000
-5.01200 -1.55200 4.47300
-3.44100 0.64900 3.85700
-5.27700 -0.80400 3.32800
-4.49200 0.29700 3.02300
-2.13300 -5.03100 7.70300
-1.71700 -5.73000 8.90600
-0.32000 -5.35500 9.36700
0.00500 -5.47700 10.54700
0.40800 -4.77700 8.50000
1.76800 -4.38300 8.85200
1.95300 -2.87500 8.70300
2.78300 -5.12100 7.98000
3.08400 -2.38500 8.68800
2.82600 -6.64500 8.13300
3.84400 -7.24200 7.16400
3.15400 -7.03100 9.57000
0.82400 -2.18800 8.60200
0.88200 -0.74300 8.41400
1.36200 -0.03600 9.67200
-0.48800 -0.20100 8.00000
1.30200 -0.60000 10.76600
-0.89900 -0.75400 6.76600
1.93500 1.12400 9.40600
2.44900 1.89100 10.53100
1.84200 3.29100 10.57000
3.97300 1.97600 10.46900
1.60200 3.89600 9.52300
1.53900 3.79700 11.82000
1.08800 5.16000 12.08600
2.19500 5.98000 12.73400
-0.15000 5.14500 12.98400
3.18800 5.42200 13.21100
-1.43300 4.58600 12.36700
-2.47700 4.33600 13.45300
-1.97200 5.53500 11.30500
2.09800 7.27700 12.64100
3.14100 8.14800 13.18800
3.47100 7.83200 14.64100
2.53500 9.54700 13.05500
4.60500 8.03100 15.08600
1.58200 9.44500 11.90600
0.98500 8.07000 11.90600
2.64100 7.25400 15.40600
2.80300 6.92600 16.81200
3.85000 5.83200 17.01600
1.46700 6.48800 17.42200
4.40600 5.68800 18.10900
0.40300 7.57800 17.40600
-0.33300 7.68000 16.07800
-1.07700 8.66400 15.88300
-0.16300 6.77000 15.24200
4.21900 5.21500 15.91400
5.15600 4.10200 16.00000
6.58600 4.56600 15.71900
4.76600 2.99400 15.02300
7.53100 3.78700 15.85900
3.50800 2.23400 15.42200
3.24000 1.03200 14.53900
3.52700 -0.15900 15.05500
2.77900 1.17100 13.39800
6.58600 5.75400 15.37500
7.92600 6.29700 15.19500
8.64100 6.45700 16.53100
7.85900 7.64500 14.46900
8.00800 6.77700 17.54700
7.34000 7.62100 13.03100
7.07800 9.03900 12.53900
8.32800 6.90200 12.11700
9.79700 5.89500 16.54700
10.59400 6.10900 17.75000
10.99200 7.57800 17.87500
11.85200 5.23000 17.71900
10.54700 8.42200 17.09400
11.57800 3.78100 18.00000
10.47700 3.06400 17.62500
12.43000 2.87300 18.70300
11.77300 1.62100 18.71900
13.68000 2.99800 19.31200
10.58600 1.76400 18.06200
13.56200 0.64800 19.93800
12.33600 0.50000 19.34400
14.23400 1.88100 19.93800
11.55500 7.97700 19.00000
11.91400 9.36700 19.29700
12.68800 9.98400 18.14100
12.72700 9.45300 20.59400
12.59400 11.19500 17.90600
11.90600 9.23400 21.84400
12.72700 9.38300 23.12500
12.05500 9.39800 24.26600
13.96100 9.47700 23.06200
13.15600 9.06200 17.29700
13.98400 9.53100 16.20300
13.16400 9.71100 14.93000
15.14100 8.55500 15.94500
13.69500 10.08600 13.88300
14.67200 7.14800 15.64100
13.44500 6.89500 15.66400
15.53100 6.27700 15.39100
11.86700 9.39100 15.08600
10.96100 9.57000 13.96100
11.01600 8.43800 12.96100
10.50000 8.55500 11.84400
11.71100 7.23800 13.32800
11.90600 6.10900 12.42200
11.21100 4.85900 12.96100
13.39800 5.83200 12.22700
10.95300 4.75400 14.15600
14.22700 6.97300 11.63300
15.70300 6.60500 11.62500
13.74200 7.30900 10.22700
10.95300 3.93800 11.85200
10.43000 2.62900 12.21900
11.56200 1.63700 12.46900
9.50000 2.09800 11.12500
12.59400 1.68600 11.78900
8.22700 2.90400 10.86700
7.63700 2.54500 9.50800
7.20700 2.66800 11.97700
11.41400 0.69200 13.35200
12.51600 -0.19900 13.71100
12.09400 -1.66100 13.60900
13.01600 0.10900 15.11700
12.93000 -2.56100 13.69500
13.85200 1.34500 15.20300
13.50800 2.64500 15.36700
15.22700 1.31900 15.10900
15.69500 2.55300 15.21100
14.67200 3.37500 15.36700
10.82000 -1.85000 13.25000
10.34400 -3.22300 13.10900
10.62500 -3.75000 11.70300
8.83600 -3.32400 13.40600
10.32800 -3.08400 10.71100
8.38300 -4.78100 13.43800
8.56200 -2.72100 14.67200
11.31200 -4.97300 11.65600
11.50000 -5.63700 10.36700
10.23400 -6.37500 9.94500
12.68000 -6.60900 10.43800
9.73400 -7.23400 10.68000
14.02300 -5.93400 10.64800
15.17200 -6.91800 10.71100
16.37500 -6.44500 10.40600
14.98400 -8.09400 11.03100
9.61700 -5.96500 8.90600
8.38300 -6.58200 8.43000
8.28100 -6.49600 6.91400
7.16400 -5.91800 9.07000
9.08600 -5.82800 6.27000
7.03900 -4.14800 8.72700
7.50400 -7.49200 6.27000
7.37900 -7.52700 4.82400
7.79700 -8.85900 4.22300
8.28900 -9.73400 4.93000
7.47700 -9.03900 3.00000
7.85200 -10.25800 2.28500
9.23400 -10.10900 1.65100
6.82000 -10.60900 1.19500
9.50800 -9.10900 0.98500
7.14800 -11.93800 0.53500
5.52000 -10.68800 1.78700
10.18000 -11.00000 1.93600
11.60900 -10.87500 1.62100
11.85900 -10.43000 0.18200
12.14800 -12.28900 1.85400
12.68800 -9.55500 -0.06100
11.27300 -12.85900 2.92600
9.88300 -12.32800 2.73800
11.04700 -10.78900 -0.76300
11.30500 -10.50000 -2.17200
10.87500 -9.08600 -2.53100
10.57800 -11.51600 -3.05900
11.26600 -8.55500 -3.57600
10.18000 -8.39800 -1.64600
9.61700 -7.09000 -1.96700
10.09400 -6.03100 -0.98100
8.08600 -7.14800 -1.96500
9.83600 -4.84000 -1.16400
7.51200 -8.08600 -3.00400
7.14500 -7.61300 -4.26600
7.33200 -9.43800 -2.72900
6.61700 -8.46900 -5.22300
6.80500 -10.29700 -3.68000
5.92600 -10.66400 -5.87100
6.44900 -9.81200 -4.92600
10.84400 -6.43800 -0.05500
11.20300 -5.57000 1.06200
12.40600 -4.71500 0.68100
11.50800 -6.38700 2.33600
13.31200 -5.18000 -0.01800
12.85900 -7.09400 2.21500
11.48400 -5.48400 3.56800
12.37500 -3.45700 1.10900
13.46900 -2.51000 0.87600
14.68800 -2.86300 1.71600
13.00800 -1.08700 1.18300
14.56200 -3.40400 2.81600
15.92200 -2.52700 1.23900
17.15600 -2.86300 1.95500
17.21900 -2.22900 3.34400
18.25000 -2.30500 1.04700
17.70300 -2.85200 4.28900
17.54700 -1.33100 0.15500
16.10900 -1.75800 0.01400
16.71900 -1.03300 3.47100
16.81200 -0.31300 4.73800
15.93000 -0.96400 5.80900
16.40600 1.15300 4.55500
16.15600 -0.76900 7.00400
14.97700 1.34500 4.07000
14.86700 1.47300 2.55900
13.96900 2.20100 2.07400
15.68800 0.84000 1.85300
14.92200 -1.66500 5.41000
14.07000 -2.38700 6.35500
14.84400 -3.56100 6.94900
12.77300 -2.88700 5.68400
14.64100 -3.92200 8.10900
11.97700 -3.76600 6.64500
11.93000 -1.70700 5.20700
15.88300 -4.09800 6.26200
16.64100 -5.28500 6.64800
17.84400 -4.90600 7.50000
17.09400 -6.05500 5.40600
18.40600 -5.75400 8.20300
15.99200 -6.55500 4.47300
16.59400 -7.16800 3.21700
15.10200 -7.56200 5.19100
18.25000 -3.60900 7.58600
19.48400 -3.11300 8.17200
19.28100 -2.74200 9.64100
20.00000 -1.90300 7.39500
20.25000 -2.58200 10.38300
20.64100 -2.25800 6.06200
21.18800 -1.02400 5.34800
21.87500 -1.37600 4.11300
21.10900 0.44500 2.91800
22.50000 -1.08100 1.92200
21.82800 -0.67000 2.98600
18.15600 -2.84800 10.30500
17.76600 -2.68200 11.69500
18.26600 -1.34500 12.25000
18.31200 -3.83000 12.54700
18.60900 -1.24400 13.43000
17.70300 -5.18400 12.22700
18.18800 -6.26600 13.18000
17.57800 -7.61700 12.85900
18.03100 -8.67200 13.82000
18.37500 -0.24700 11.43000
18.84400 1.06800 11.85900
17.71900 2.09800 11.79700
20.03100 1.52700 11.00000
17.93800 3.28300 12.05500
21.31200 0.74500 11.23400
22.46900 1.30500 10.42200
23.75000 0.52900 10.67200
24.89100 1.07100 9.86700
16.43800 1.58500 11.78100
15.31200 2.48600 11.60900
15.14100 2.95900 10.18000
16.12500 3.09800 9.44500
13.82800 3.08800 9.73400
13.60200 3.41800 8.32800
12.32000 4.23000 8.16400
13.52300 2.14500 7.48400
11.48400 4.28100 9.07000
12.33600 1.26900 7.81200
12.39100 0.35200 8.85900
11.15600 1.35500 7.07800
11.30500 -0.45900 9.16400
10.06200 0.55000 7.37500
9.06200 -1.15200 8.71900
10.14800 -0.35300 8.41400
12.26600 4.88300 6.98000
11.03900 5.55500 6.57000
10.08600 4.58600 5.87500
11.34400 6.73000 5.64500
10.41400 4.03500 4.82000
10.15600 7.23800 5.06200
8.87500 4.40600 6.44900
7.89100 3.53700 5.82800
7.48800 3.98600 4.43800
7.31200 3.16000 3.53900
7.44500 5.25800 4.25000
7.04300 5.82000 2.96700
8.03900 5.44900 1.86700
6.91000 7.34400 3.06400
7.63700 5.02000 0.78400
5.78100 7.80500 3.97100
5.70700 9.32000 4.11300
4.87500 9.81200 4.91000
6.48400 10.01600 3.42200
9.29700 5.57800 2.22300
10.33600 5.27000 1.24700
10.39800 3.77100 0.96400
11.70300 5.76600 1.73700
10.64800 3.35700 -0.17000
11.77300 7.27300 1.93400
11.60900 8.01600 0.61400
11.73400 9.52300 0.80200
12.87500 10.09400 0.02100
10.11700 3.04300 2.00400
10.07000 1.59200 1.84900
8.93800 1.17600 0.91700
9.91400 0.91700 3.20900
9.10900 0.28400 0.08200
7.78500 1.79000 1.02000
6.64800 1.51600 0.14700
6.99600 1.79700 -1.31200
5.43800 2.34800 0.56900
6.58600 1.05500 -2.20700
4.69900 1.76200 1.76100
4.97700 0.60400 2.14100
3.83200 2.46300 2.32400
7.75800 2.86500 -1.54100
8.13300 3.24800 -2.89600
9.00800 2.16200 -3.51800
8.87500 4.60500 -2.91800
8.83600 1.80600 -4.68400
7.93800 5.73000 -2.45700
9.43000 4.89800 -4.31200
8.61700 7.08600 -2.32000
9.91400 1.60000 -2.76400
10.70300 0.45700 -3.21900
9.79700 -0.70300 -3.61700
11.68000 0.00700 -2.12700
9.91400 -1.24000 -4.72300
12.43000 -1.24400 -2.46300
11.96900 -2.52900 -2.39600
13.78900 -1.32900 -2.91400
14.07800 -2.69700 -3.10200
14.78100 -0.37900 -3.18000
12.95300 -3.40800 -2.77900
16.28100 -2.18900 -3.79500
15.32800 -3.14100 -3.54300
16.03100 -0.82100 -3.61700
8.89800 -1.02200 -2.71900
7.97700 -2.12700 -2.97700
7.14800 -1.87700 -4.23000
7.05100 -2.34600 -1.77900
6.90200 -2.79900 -5.01200
7.79300 -2.72300 -0.63100
6.71100 -0.66600 -4.46100
6.00000 -0.29600 -5.68000
6.86700 -0.53800 -6.91000
5.57400 1.17000 -5.62900
6.37500 -0.99500 -7.94100
4.25800 1.50200 -4.43400
8.16400 -0.23400 -6.80100
9.09400 -0.51600 -7.87900
9.18800 -1.99200 -8.21900
9.19500 -2.36700 -9.39100
9.28100 -2.79700 -7.16000
9.34400 -4.24200 -7.35500
8.07800 -4.72300 -8.05500
9.53100 -4.98800 -6.01600
8.14100 -5.52300 -8.99200
9.46900 -6.50000 -6.22700
10.85200 -4.59000 -5.35900
6.90200 -4.22300 -7.65600
5.61300 -4.60200 -8.23400
5.58600 -4.23800 -9.71100
4.43800 -3.92600 -7.49200
5.19900 -5.05100 -10.55500
3.14800 -4.05500 -8.29700
4.26600 -4.53100 -6.10200
5.96900 -3.00400 -10.06200
5.99200 -2.58000 -11.45300
6.89800 -3.48600 -12.28100
6.46100 -1.12800 -11.57000
6.53900 -3.88700 -13.39100
6.54300 -0.54800 -12.98400
5.20300 -0.70100 -13.69500
6.96500 0.91700 -12.93800
8.07000 -3.80500 -11.71900
8.99200 -4.70300 -12.39800
8.32800 -6.04300 -12.69500
10.25000 -4.91800 -11.55500
8.37500 -6.52700 -13.82800
11.29700 -5.76200 -12.23400
11.18800 -7.14500 -12.26600
12.39800 -5.16800 -12.83600
12.15600 -7.92600 -12.89100
13.37500 -5.94100 -13.46900
13.25000 -7.32000 -13.49200
7.69100 -6.58600 -11.74200
7.06200 -7.89500 -11.85900
5.96100 -7.84400 -12.91400
6.48800 -8.37500 -10.50800
5.82800 -8.76600 -13.72700
5.60900 -9.60900 -10.70300
7.61300 -8.66400 -9.52300
5.21100 -6.79700 -12.90600
4.12100 -6.66000 -13.86700
4.65200 -6.66800 -15.29700
3.34200 -5.36700 -13.60900
4.07400 -7.31600 -16.17200
2.49000 -5.33200 -12.33600
1.88000 -3.94500 -12.14800
1.40000 -6.39500 -12.39100
5.78100 -6.09400 -15.50800
6.30100 -5.89100 -16.85900
7.23400 -7.02700 -17.25000
7.03900 -4.55100 -16.95300
7.26600 -7.43000 -18.42200
6.17200 -3.29300 -16.87500
7.04700 -2.05100 -16.75000
5.26600 -3.19100 -18.09400
7.91400 -7.54300 -16.25000
8.94500 -8.53900 -16.54700
8.37500 -9.95300 -16.48400
10.10900 -8.39800 -15.56200
8.81200 -10.83600 -17.21900
7.36300 -10.10200 -15.59400
6.75800 -11.40600 -15.39800
7.49200 -12.25800 -14.38300
7.16800 -13.43000 -14.19500
8.59400 -11.74200 -13.82800
9.34400 -12.39800 -12.76600
9.91400 -11.38300 -11.78900
10.46900 -13.25800 -13.35900
9.87500 -10.18000 -12.05500
11.43800 -12.47700 -14.21100
11.25800 -12.40600 -15.58600
12.51600 -11.82800 -13.64100
12.15600 -11.68800 -16.37500
13.41400 -11.10900 -14.42200
13.22700 -11.03900 -15.79700
10.45300 -11.82800 -10.61700
10.96900 -10.96100 -9.56200
12.34400 -10.40600 -9.93000
11.05500 -11.71900 -8.23400
13.15600 -11.10900 -10.54700
9.72700 -12.00800 -7.53100
9.89800 -13.13300 -6.51600
9.19500 -10.74200 -6.85500
12.58600 -9.13300 -9.55500
13.89800 -8.53900 -9.82800
15.00800 -9.14800 -8.97700
13.69500 -7.05900 -9.49200
16.15600 -9.21900 -9.40600
12.55500 -7.03900 -8.53100
11.60200 -8.14100 -8.89800
14.59400 -9.50800 -7.73400
15.54700 -10.12500 -6.82000
15.07000 -11.51600 -6.40600
15.75000 -9.25800 -5.57800
14.09400 -11.64800 -5.66800
15.96100 -7.79700 -5.89100
17.15600 -7.34800 -6.42200
14.94500 -6.87500 -5.64800
17.35900 -5.99600 -6.71100
15.13300 -5.52300 -5.93800
16.32800 -5.09000 -6.46500
15.69500 -12.55500 -6.93000
15.29700 -13.91400 -6.60200
16.50000 -14.85200 -6.58200
14.25000 -14.42200 -7.60200
17.42200 -14.71100 -7.39100
13.68800 -15.79700 -7.25400
12.62500 -16.25000 -8.23400
12.17200 -17.50000 -8.07800
12.21100 -15.50000 -9.11700
16.51600 -15.60200 -5.59400
17.54700 -16.60900 -5.46100
17.07800 -17.76600 -4.57400
18.82800 -16.00000 -4.89100
16.23400 -17.57800 -3.69100
20.06200 -16.84400 -5.17600
20.26600 -17.87500 -4.50000
20.84400 -16.45300 -6.07800
17.70300 -18.96900 -4.79700
17.32800 -20.14100 -3.99200
17.76600 -19.96900 -2.54100
17.95300 -21.40600 -4.57800
17.10900 -20.45300 -1.62400
17.34400 -21.82800 -5.90600
17.90600 -23.12500 -6.44500
17.46900 -23.59400 -7.52300
18.81200 -23.70300 -5.78100
18.92200 -19.20300 -2.46900
19.43800 -18.89100 -1.14200
19.03100 -17.50000 -0.69000
20.96900 -19.01600 -1.11800
19.32800 -16.50000 -1.35900
21.54700 -18.84400 0.27100
22.18800 -19.89100 0.77800
21.42200 -17.78100 0.88400
18.31200 -17.42200 0.41800
17.73400 -16.18800 0.92200
18.84400 -15.15600 1.15500
16.95300 -16.42200 2.22700
18.67200 -13.96900 0.86800
16.46900 -15.08600 2.81400
15.75800 -17.34400 1.97000
19.98400 -15.56200 1.60000
21.09400 -14.66400 1.87900
21.64100 -14.06200 0.59000
22.20300 -15.39800 2.63100
21.98400 -12.87500 0.54500
23.25000 -14.47700 3.23200
22.53100 -13.25000 4.38300
23.85900 -12.02300 4.42600
21.70300 -14.86700 -0.40500
22.15600 -14.37500 -1.70400
21.14100 -13.40600 -2.30100
22.39100 -15.53900 -2.66800
21.51600 -12.43800 -2.97100
23.62500 -16.37500 -2.34200
24.01600 -17.26600 -3.50000
23.06200 -18.35900 -3.68600
24.42200 -19.98400 -2.75800
22.34400 -20.53100 -3.54300
23.28100 -19.62500 -3.32800
19.92200 -13.72700 -2.06800
18.87500 -12.81200 -2.49400
19.01600 -11.45300 -1.81400
17.48400 -13.40600 -2.18800
18.92200 -10.41400 -2.47100
16.32800 -12.51600 -2.60900
14.71900 -13.11700 -1.97700
14.90600 -12.72700 -0.21400
19.26600 -11.47700 -0.53300
19.45300 -10.24200 0.21900
20.65600 -9.45300 -0.30700
19.64100 -10.53900 1.70900
20.60900 -8.22700 -0.37500
18.37500 -10.93800 2.41200
17.12500 -10.56200 1.91100
18.40600 -11.69500 3.57800
15.94500 -10.93000 2.55700
17.23400 -12.07000 4.23000
14.85200 -12.04700 4.35500
16.01600 -11.68000 3.71300
21.65600 -10.18800 -0.65800
22.84400 -9.53900 -1.22800
22.46900 -8.75800 -2.49000
23.92200 -10.56200 -1.53900
22.92200 -7.62900 -2.68000
24.67200 -11.05500 -0.31200
25.81200 -12.00000 -0.68600
26.37500 -12.65600 0.48900
26.96900 -14.59400 -0.62700
27.39100 -14.38300 1.61600
26.90600 -13.87500 0.49000
21.67200 -9.35900 -3.27900
21.20300 -8.69500 -4.49200
20.39100 -7.44100 -4.15600
20.35900 -9.64800 -5.33200
20.53100 -6.41400 -4.81600
21.14100 -10.78100 -5.97700
20.25000 -11.68800 -6.80500
21.06200 -12.75000 -7.53900
20.18800 -13.61700 -8.39100
19.57800 -7.61700 -3.12700
18.73400 -6.51200 -2.68800
19.60900 -5.35900 -2.19500
17.76600 -6.94900 -1.57800
19.42200 -4.20700 -2.59000
17.03100 -5.74200 -0.98800
16.75000 -7.96500 -2.12500
20.64100 -5.59400 -1.43800
21.50000 -4.59000 -0.82600
22.34400 -3.88700 -1.87900
22.40600 -5.22700 0.23500
22.78100 -2.75000 -1.68100
21.70300 -5.49600 1.54200
21.15600 -4.45700 2.27700
21.59400 -6.79300 2.03300
20.50000 -4.70300 3.48800
20.95300 -7.04700 3.24200
20.40600 -6.00000 3.96700
22.50000 -4.61700 -3.03900
23.31200 -4.06200 -4.11700
22.43800 -3.53900 -5.25400
24.29700 -5.10900 -4.64800
22.93800 -2.95300 -6.21500
25.39100 -5.49200 -3.66400
26.32800 -6.52700 -4.25400
27.40600 -6.94900 -3.25200
28.29700 -8.00000 -3.80900
21.12500 -3.76400 -5.01600
20.18800 -3.46900 -6.09400
20.67200 -4.05900 -7.41800
19.98400 -1.96200 -6.23000
20.68800 -3.37300 -8.44500
21.00000 -5.35200 -7.34400
21.48400 -6.09000 -8.50800
20.35900 -6.85500 -9.18800
22.60900 -7.05900 -8.09400
19.84400 -7.82400 -8.63300
23.28100 -7.74600 -9.27300
24.35900 -8.73400 -8.85200
24.87500 -9.46900 -9.71900
24.68800 -8.77300 -7.64100
19.92200 -6.44500 -10.40600
18.85900 -7.07400 -11.18800
19.01600 -6.76600 -12.67200
17.48400 -6.60900 -10.70300
19.76600 -5.86300 -13.04700
17.28100 -5.11700 -10.78100
17.67200 -4.28900 -9.72700
16.70300 -4.53100 -11.89800
17.48400 -2.91000 -9.79700
16.51600 -3.15400 -11.97700
16.73400 -0.99100 -10.99200
16.90600 -2.35400 -10.92200
18.39100 -7.57000 -13.52300
18.48400 -7.37900 -14.96900
17.09400 -7.20700 -15.59400
19.21900 -8.55500 -15.61700
16.14100 -7.84400 -15.16400
20.67200 -8.69500 -15.18000
21.39100 -9.85200 -15.85900
22.59400 -10.04700 -15.60200
20.73400 -10.56200 -16.65600
17.12500 -6.30100 -16.62500
15.89100 -6.12100 -17.37500
15.82000 -7.10200 -18.53100
15.78100 -4.68400 -17.89100
16.79700 -7.28500 -19.26600
15.60900 -3.65600 -16.79700
14.35200 -3.39600 -16.26600
16.70300 -2.95100 -16.31200
14.18800 -2.44700 -15.25800
16.54700 -2.00200 -15.31200
15.28900 -1.75100 -14.78100
14.65600 -7.73000 -18.70300
14.50800 -8.53100 -19.92200
14.46100 -7.67600 -21.18800
13.18000 -9.26600 -19.70300
14.18800 -6.47700 -21.10900
12.39800 -8.36700 -18.81200
13.35200 -7.64800 -17.89100
14.78100 -8.24200 -22.39100
14.84400 -7.48400 -23.64100
13.51600 -6.82000 -24.00000
15.21900 -8.54700 -24.67200
13.50000 -5.77700 -24.65600
15.90600 -9.61700 -23.89100
15.30500 -9.65600 -22.51600
12.43000 -7.33200 -23.46900
11.11700 -6.83200 -23.85900
10.65600 -5.72300 -22.92200
10.08600 -7.96900 -23.87500
9.53900 -5.20700 -23.06200
10.03100 -8.75000 -22.59400
9.31200 -8.43800 -21.46900
10.71900 -9.96900 -22.29700
10.37500 -10.34400 -20.98400
11.60200 -10.78100 -23.03100
9.51600 -9.39800 -20.50000
11.73400 -12.27300 -21.10900
10.87500 -11.49200 -20.37500
12.10200 -11.93000 -22.42200
11.42200 -5.36700 -21.87500
11.07800 -4.33600 -20.90600
11.07000 -2.95900 -21.56200
12.06200 -4.35200 -19.73400
12.06200 -2.55100 -22.17200
11.45300 -3.94900 -18.42200
11.29700 -2.60900 -18.09400
11.02300 -4.91400 -17.51600
10.72700 -2.23400 -16.87500
10.45300 -4.54700 -16.29700
10.31200 -3.20700 -15.98400
9.99200 -2.25800 -21.43800
9.90600 -0.94900 -22.09400
10.93800 0.04400 -21.56200
8.48400 -0.48600 -21.76600
11.15600 0.12900 -20.35900
7.74200 -1.74100 -21.42200
8.69500 -2.69900 -20.76600
11.57800 0.81100 -22.51600
12.69500 1.68800 -22.14100
12.29700 2.75400 -21.12500
13.09400 2.32800 -23.48400
13.03100 3.00400 -20.17200
12.67200 1.33900 -24.51600
11.44500 0.62500 -24.03100
11.12500 3.38500 -21.28100
10.68800 4.43000 -20.35900
10.37500 3.85400 -18.96900
9.45300 5.14800 -20.90600
10.67200 4.48000 -17.95300
9.75000 6.03100 -22.10900
8.55500 6.85500 -22.56200
8.52300 7.28500 -23.73400
7.64500 7.07400 -21.73400
9.78900 2.73200 -18.96900
9.50800 2.05100 -17.70300
10.80500 1.64600 -17.00000
8.63300 0.82500 -17.93800
10.89100 1.71200 -15.76600
11.75800 1.23300 -17.79700
13.07800 0.89000 -17.28100
13.69500 2.06600 -16.53100
14.00000 0.44400 -18.40600
14.23400 1.89700 -15.43800
15.36700 -0.03800 -17.93800
16.21900 -0.53100 -19.10900
17.60900 -0.94400 -18.64100
18.43800 -1.45100 -19.78100
13.60900 3.19900 -17.04700
14.14100 4.40600 -16.42200
13.45300 4.67600 -15.09400
13.97700 5.61300 -17.35900
14.10900 5.00000 -14.10200
14.90600 5.59400 -18.56200
14.80500 6.87500 -19.37500
13.47700 7.04300 -19.93800
14.21900 7.82800 -21.98400
11.97700 7.60500 -21.59400
13.22700 7.49200 -21.17200
12.14800 4.55500 -15.09400
11.36700 4.78900 -13.88300
11.73400 3.77700 -12.79700
9.86700 4.71100 -14.18000
12.01600 4.15600 -11.65600
8.93000 4.91400 -12.99200
9.21900 6.24600 -12.31200
7.47300 4.84000 -13.44500
11.77300 2.45900 -13.14100
12.07000 1.40400 -12.17200
13.47700 1.60400 -11.60900
11.95300 0.00300 -12.81200
13.70300 1.41200 -10.41400
12.56200 -1.06100 -11.90600
10.48400 -0.32300 -13.10900
14.41400 2.03500 -12.41400
15.78900 2.25600 -11.97700
15.86700 3.36100 -10.93000
16.67200 2.60700 -13.17200
16.76600 3.37100 -10.09400
16.73400 1.53100 -14.08600
14.91400 4.29300 -10.99200
14.87500 5.39800 -10.03100
14.12500 5.00400 -8.76600
14.22700 6.63300 -10.66400
14.27300 5.65200 -7.72700
15.04700 7.27000 -11.77300
14.35900 8.50800 -12.33600
15.19500 9.15600 -13.43800
14.47700 10.29700 -14.07800
13.30500 3.94900 -8.83600
12.54700 3.46100 -7.68800
13.37500 2.45900 -6.88300
11.24200 2.81200 -8.14100
13.28900 2.42600 -5.65600
10.23400 3.73400 -8.83600
9.00000 2.94700 -9.25800
9.84400 4.88700 -7.91400
14.16400 1.55800 -7.59000
14.95300 0.51800 -6.93800
16.37500 1.00600 -6.65600
15.00000 -0.74400 -7.80500
17.32800 0.47700 -7.21100
13.64800 -1.38500 -8.14100
13.85900 -2.67600 -8.92200
12.85200 -1.64900 -6.86700
16.40600 2.08400 -5.88700
17.64100 2.71700 -5.41400
17.84400 2.40200 -3.93400
17.60900 4.24600 -5.63300
16.95300 2.62900 -3.11300
18.82800 4.90600 -5.00400
17.53100 4.56600 -7.12500
19.04700 1.91400 -3.60200
19.32800 1.40900 -2.26200
19.25000 2.55300 -1.25200
20.71900 0.72700 -2.19700
18.64100 2.41600 -0.19400
21.07800 0.37600 -0.75500
20.73400 -0.52200 -3.07600
19.82800 3.65400 -1.59700
19.75000 4.81200 -0.71200
18.39100 5.47700 -0.77500
20.84400 5.82400 -1.07100
18.04700 6.10900 -1.77600
20.92200 6.99200 -0.10100
20.04700 7.10200 0.78400
21.85900 7.80900 -0.22500
17.60900 5.45300 0.37400
16.25000 5.98000 0.37000
16.20300 7.47700 0.06800
15.75800 5.69500 1.78900
15.21900 7.96100 -0.50500
16.65600 4.60900 2.29300
17.96900 4.71900 1.59000
17.20300 8.21900 0.37500
17.23400 9.66400 0.17000
17.29700 10.00800 -1.31500
18.42200 10.28100 0.91200
16.85900 11.07800 -1.73600
17.84400 9.13300 -2.10700
18.01600 9.35200 -3.53900
16.87500 8.74200 -4.33200
19.35900 8.76600 -4.01600
16.76600 8.95300 -5.54300
20.57800 9.48400 -3.45700
21.87500 8.82800 -3.92200
22.00000 8.87500 -5.37500
24.00000 7.71100 -5.43000
23.04700 8.43800 -7.37900
23.01600 8.34400 -6.05900
16.04700 8.03100 -3.57000
14.95300 7.31200 -4.20300
13.84400 8.27300 -4.62500
14.39100 6.24600 -3.26000
13.53900 9.22700 -3.91200
13.44500 5.26600 -3.93200
12.93000 4.21900 -2.95300
14.00800 3.38500 -2.43800
13.20300 3.31600 -0.27400
15.14100 2.22100 -0.81300
14.11700 2.97700 -1.17600
13.32800 8.06200 -5.81200
12.30500 8.92200 -6.39500
11.09400 9.02300 -5.46900
11.86700 8.38300 -7.75800
10.65600 8.02300 -4.89500
11.14800 9.36700 -8.68000
12.10900 10.46900 -9.12500
10.56200 8.64100 -9.89100
10.57000 10.21900 -5.32400
9.37500 10.44500 -4.52000
8.10900 10.18000 -5.32000
9.35900 11.87500 -3.98000
8.15600 10.05500 -6.54300
9.18000 12.80500 -5.03100
6.95700 10.06200 -4.64100
5.67200 9.87500 -5.30500
5.43000 11.02300 -6.28500
4.51600 9.78900 -4.28900
4.96900 10.80500 -7.40600
4.53100 8.43000 -3.58200
3.17000 10.03100 -4.97700
3.44100 8.25800 -2.53100
5.77000 12.24200 -5.82800
5.64100 13.39800 -6.71100
6.48400 13.22700 -7.96900
6.03900 14.68000 -5.97700
6.03100 13.53100 -9.07800
7.63700 12.75800 -7.73000
8.51600 12.50000 -8.85900
7.99200 11.42200 -9.78900
8.08600 11.55500 -11.01600
7.42600 10.40600 -9.25000
6.84000 9.32000 -10.03900
5.73400 9.87500 -10.93000
6.28500 8.20300 -9.13300
5.67600 9.56200 -12.12500
7.42600 7.52000 -8.36700
5.49600 7.18400 -9.96100
6.95700 6.59400 -7.25000
4.89500 10.70300 -10.38300
3.70300 11.21900 -11.04700
4.08200 12.18800 -12.15600
2.77700 11.90600 -10.03900
3.26600 12.49200 -13.03100
2.14100 10.95300 -9.04700
1.03900 11.81200 -7.85500
-0.50800 11.82800 -8.80500
5.35900 12.62500 -12.17200
5.83600 13.53900 -13.20300
6.59400 12.79700 -14.29700
6.72700 14.61700 -12.59400
6.94900 13.37500 -15.32000
5.97700 15.62500 -11.73400
6.83200 16.84400 -11.41400
7.94500 16.50000 -10.53100
6.74600 16.78100 -8.57000
8.95300 16.15600 -8.49200
7.87900 16.48400 -9.20300
6.77700 11.57800 -14.07000
7.54300 10.82000 -15.05500
6.75400 10.63300 -16.34400
7.94500 9.46100 -14.49200
5.52300 10.53900 -16.31200
6.84000 8.57000 -14.48400
7.50800 10.59400 -17.42200
6.89100 10.52300 -18.75000
6.09000 9.23400 -18.90600
7.94900 10.61700 -19.84400
5.01200 9.23400 -19.51600
8.93800 9.61700 -19.67200
6.61700 8.16400 -18.34400
5.93800 6.87500 -18.45300
4.61300 6.89100 -17.70300
6.82800 5.74600 -17.93800
3.59400 6.42200 -18.20300
6.26600 4.37500 -18.15600
6.44100 3.58600 -19.26600
5.43800 3.62900 -17.26600
5.14500 2.39600 -17.89100
4.91000 3.88300 -15.99200
5.77000 2.39600 -19.10900
3.84800 1.69500 -16.04700
4.34800 1.42100 -17.28100
4.12100 2.91200 -15.39100
4.56200 7.55900 -16.51600
3.41400 7.55100 -15.61700
2.29500 8.43000 -16.17200
3.81800 8.02300 -14.21900
1.12700 8.03100 -16.15600
2.73000 7.87900 -13.18800
1.76300 8.86700 -13.03900
2.67400 6.75800 -12.37500
0.75400 8.73400 -12.08600
1.66800 6.61700 -11.42200
0.71000 7.60900 -11.28100
2.54100 9.48400 -16.75000
1.56100 10.50000 -17.09400
0.80600 10.07800 -18.35900
2.22900 11.88300 -17.31200
-0.28600 10.58600 -18.62500
1.21600 12.89100 -17.84400
2.85400 12.37500 -16.01600
1.31500 9.16400 -19.03100
0.63400 8.72700 -20.25000
-0.73900 8.14100 -19.92200
1.48000 7.69100 -21.00000
-0.84500 7.14500 -19.20300
2.75600 8.25800 -21.59400
3.51800 7.19900 -22.39100
4.83200 7.74200 -22.92200
5.59000 6.70700 -23.68800
-1.80900 8.82000 -20.40600
-3.15200 8.28900 -20.26600
-3.70500 8.42200 -18.85900
-4.68400 7.76600 -18.51600
-2.95900 9.28100 -18.00000
-3.35500 9.48400 -16.60900
-4.42200 10.56200 -16.50000
-2.14100 9.85200 -15.75000
-4.25400 11.66400 -17.03100
-2.44500 9.96100 -14.28100
-2.35700 11.18000 -13.62500
-2.82200 8.83600 -13.55500
-2.63900 11.28900 -12.26600
-3.10700 8.93800 -12.19500
-3.01400 10.15600 -11.55500
-5.65600 10.21900 -16.07800
-6.70700 11.16400 -15.71100
-6.91000 11.21100 -14.19500
-8.02300 10.79700 -16.39100
-7.04700 10.16400 -13.55500
-9.04700 11.70300 -16.03100
-6.37500 12.18800 -13.49200
-6.54700 12.35200 -12.04700
-7.99600 12.11700 -11.64100
-6.09400 13.74200 -11.60200
-8.90600 12.75000 -12.18000
-5.83200 13.85900 -10.10900
-5.09400 15.14100 -9.76600
-4.47300 15.07000 -8.44500
-3.45500 17.14100 -8.58600
-3.19500 15.85200 -6.70300
-3.70900 16.01600 -7.91400
-8.35900 10.89100 -11.27300
-9.68000 10.62500 -10.71100
-9.82800 11.27300 -9.33600
-9.93000 9.12500 -10.60900
-9.00000 11.05500 -8.44500
-10.03100 8.42200 -11.96100
-10.70300 7.06600 -11.86700
-11.14800 6.55100 -13.00800
-10.82800 6.48800 -10.78100
-9.94500 12.58600 -9.15600
-10.37500 13.25800 -7.94100
-11.48400 12.45300 -7.27000
-10.85900 14.69500 -8.23400
-12.47700 12.09400 -7.91000
-9.78100 15.47700 -9.00800
-11.22700 15.42200 -6.93000
-10.27300 16.78100 -9.60200
-11.25800 11.58600 -6.31200
-12.40600 11.01600 -5.60200
-13.51600 12.03900 -5.35500
-11.79700 10.53900 -4.28100
-13.23400 13.16400 -4.94500
-10.34400 10.84400 -4.39500
-10.13300 11.71100 -5.60200
-14.43000 12.31200 -6.17200
-15.76600 12.75000 -5.78100
-16.09400 12.30500 -4.35900
-16.81200 12.21900 -6.75800
-15.91400 11.13300 -4.01200
-17.25000 13.23400 -7.80500
-18.15600 12.64100 -8.87500
-18.53100 13.36700 -9.82800
-18.50000 11.44500 -8.75800
-15.49200 12.82000 -3.30100
-16.09400 12.89100 -1.97500
-17.10900 11.77300 -1.77300
-16.75000 14.25000 -1.75500
-17.92200 11.50000 -2.66200
-17.60900 14.57000 -2.84200
-16.84400 10.51600 -1.63300
-17.68800 9.62500 -0.84100
-18.78100 10.43000 -0.15500
-16.85900 8.84400 0.20800
-18.51600 11.43800 0.50300
-15.73400 8.05500 -0.47600
-17.76600 7.91800 1.02800
-14.75800 7.40200 0.49200
-19.87500 10.83600 -0.84100
-21.25000 10.91400 -0.33400
-21.34400 10.35900 1.08300
-22.20300 10.17200 -1.26700
-21.09400 9.17200 1.31000
-22.64100 11.00800 -2.45300
-23.07800 10.35200 -3.51600
-22.56200 12.24200 -2.41800
-20.79700 10.98400 2.09000
-21.34400 11.01600 3.44900
-22.82800 10.70300 3.45900
-21.07800 12.37500 4.10200
-23.56200 11.12500 2.56100
-19.71900 12.48400 4.77700
-19.76600 13.21900 6.10500
-18.75000 13.22700 6.83200
-20.82800 13.78900 6.42600
-23.28100 9.45300 3.95900
-24.71900 9.25000 4.16000
-25.46900 10.54700 4.43800
-24.78100 8.32000 5.37500
-24.95300 11.43800 5.11700
-23.39100 8.32000 5.92200
-22.53100 9.20300 5.05100
-26.07800 11.21100 3.35700
-27.29700 11.99200 3.32400
-27.92200 12.11700 4.71500
-28.31200 11.36700 2.36100
-28.34400 11.11700 5.29700
-28.15600 9.96100 2.30100
-27.34400 12.93000 5.57800
-28.23400 13.65600 6.47300
-28.85900 14.85200 5.75800
-27.46900 14.14100 7.71100
-28.15600 15.72700 5.26200
-27.96900 13.62500 9.06200
-27.07800 12.49200 9.55500
-28.03100 14.75800 10.07800
-29.59400 14.61700 4.66000
-30.71900 15.43800 4.20300
-31.14100 16.43800 5.26200
-31.89100 14.54700 3.80300
-31.59400 16.06200 6.34000
-31.82800 14.10200 2.35500
-32.75000 13.25000 1.95400
-30.93800 14.51600 1.60500
-30.31200 17.50000 5.49600
-30.71900 18.89100 5.69500
-29.56200 19.75000 6.17600
-31.89100 18.96900 6.68400
-29.67200 20.42200 7.20300
-33.25000 18.90600 5.99600
-34.31200 18.85900 6.78500
-33.31200 18.89100 4.76600
-28.50000 19.93800 5.49200
-27.76600 21.14100 5.85500
-27.07800 21.75000 4.64100
-26.75000 20.84400 6.95300
-26.39100 21.06200 3.89300
-27.31200 20.92200 8.35900
-26.26600 20.67200 9.44500
-26.62500 20.70300 10.64100
-25.09400 20.42200 9.08600
-27.68800 22.59400 3.87300
-27.37500 23.73400 3.00600
-25.85900 23.90600 2.85900
-28.00000 25.01600 3.55900
-25.12500 23.73400 3.82800
-29.51600 25.09400 3.52500
-30.01600 26.23400 4.42200
-30.01600 25.29700 2.09600
-25.01600 23.48400 1.81800
-23.71900 23.76600 1.23500
-23.21900 25.14100 1.65000
-23.75000 23.67200 -0.30200
-24.01600 26.07800 1.79300
-24.04700 22.25000 -0.75900
-24.78100 24.53100 -0.79800
-22.17200 25.34400 2.56400
-21.23400 26.32800 3.11900
-20.81200 27.34400 2.05900
-20.00000 25.62500 3.68900
-20.54700 28.50000 2.37500
-20.06200 25.42200 5.19500
-18.40600 25.09400 5.91400
-18.64100 25.73400 7.59400
-21.04700 27.06200 0.77900
-20.76600 28.06200 -0.24400
-22.01600 28.87500 -0.57000
-20.23400 27.40600 -1.51300
-21.92200 30.07800 -0.86400
-18.85900 27.90600 -1.90600
-18.23400 28.65600 -1.12700
-18.39100 27.54700 -3.00800
-23.23400 28.28100 -0.25200
-24.53100 28.93800 -0.38300
-24.92200 29.65600 0.90800
-25.60900 27.92200 -0.77100
-25.60900 30.67200 0.87300
-25.62500 27.57800 -2.25200
-26.62500 26.48400 -2.60400
-26.87500 26.26600 -3.80900
-27.15600 25.84400 -1.66600
-24.17200 29.40600 2.07600
-24.28100 30.01600 3.39100
-23.37500 31.25000 3.49400
-23.93800 29.03100 4.51200
-23.73400 32.21900 4.15600
-24.89100 29.17200 5.69500
-24.01600 27.68800 4.00000
-22.29700 31.37500 2.67000
-21.35900 32.50000 2.67000
-21.92200 33.68800 1.88000
-20.00000 32.06200 2.08600
-21.78100 34.84400 2.29100
-18.93800 33.12500 2.18400
-18.57800 34.03100 1.21400
-18.10900 33.40600 3.31200
-17.25000 34.46900 2.95700
-18.00000 32.84400 4.59000
-17.56200 34.81200 1.67300
-16.20300 34.40600 5.08200
-16.29700 34.96900 3.83600
-17.04700 33.34400 5.46500
-22.89100 33.34400 0.91800
-23.46900 34.37500 0.03800
-24.92200 34.65600 0.40400
-23.35900 33.93800 -1.42000
-25.39100 35.78100 0.27000
-25.67200 33.81200 1.26700
-27.09400 33.96900 1.53200
-27.34400 34.40600 2.96700
-27.81200 32.62500 1.26300
-28.45300 34.81200 3.31100
-26.50000 35.09400 3.67000
-26.89100 35.59400 4.98800
-26.37500 37.03100 5.20300
-26.35900 34.68800 6.08600
-25.64100 37.28100 6.14800
-27.04700 33.34400 6.14800
-26.48400 32.31200 7.56600
-27.34400 33.15600 8.92200
-26.56200 37.78100 4.18400
-26.51600 39.25000 4.23000
-27.71900 39.81200 4.98400
-26.48400 39.84400 2.81800
-28.31200 40.81200 4.56200
-27.42200 39.18800 1.97900
-27.82800 39.40600 6.28900
-28.59400 40.40600 7.03900
-28.43800 40.21900 8.53900
-30.06200 40.37500 6.66000
-28.64100 39.09400 9.04700
-30.62500 39.09400 7.00400
-27.31200 40.62500 9.14100
-27.14100 41.28100 10.43800
-25.90600 40.71900 11.15600
-28.37500 41.06200 11.31200
-25.64100 39.53100 11.13300
-28.60900 39.68800 11.52300
-24.87500 41.53100 11.36700
-23.62500 41.43800 12.09400
-23.84400 40.87500 13.50000
-22.92200 42.78100 12.17200
-24.67200 41.37500 14.25000
-22.34400 43.25000 10.84400
-20.89100 42.87500 10.66400
-20.40600 42.93800 9.43000
-20.18800 42.56200 11.63300
-23.46900 39.62500 13.82800
-23.51600 39.21900 15.23400
-22.57800 40.03100 16.12500
-23.09400 37.75000 15.18000
-21.50000 40.43800 15.68800
-22.62500 37.53100 13.77300
-22.90600 38.78100 12.98400
-23.00000 40.75000 17.18800
-22.39100 41.65600 18.15600
-21.56200 40.87500 19.17200
-23.45300 42.50000 18.87500
-20.62500 41.43800 19.76600
-24.10900 43.50000 17.93800
-24.45300 41.62500 19.40600
-21.59400 39.37500 19.14100
-20.82800 38.59400 20.09400
-20.54700 37.18800 19.54700
-21.54700 38.50000 21.43800
-21.26600 36.71900 18.67200
-22.76600 37.81200 21.29700
-19.28100 36.56200 19.93800
-18.92200 35.21900 19.51600
-19.90600 34.15600 20.00000
-17.53100 35.00000 20.12500
-20.59400 34.37500 21.00000
-17.12500 36.37500 20.60900
-18.35900 37.25000 20.68800
-20.07800 33.12500 19.26600
-20.89100 32.00000 19.64100
-20.43800 31.40600 20.98400
-20.85900 30.90600 18.56200
-19.25000 31.39100 21.28100
-21.89100 29.81200 18.73400
-21.78100 28.75000 17.65600
-22.46900 27.51600 18.04700
-23.48400 27.20300 16.00000
-23.82800 25.70300 17.70300
-23.25000 26.81200 17.25000
-21.42200 31.06200 21.82800
-21.17200 30.50000 23.15600
-20.65600 29.07800 23.06200
-22.43800 30.54700 24.01600
-21.18800 28.26600 22.29700
-22.18800 30.29700 25.48400
-22.50000 29.07800 26.06200
-21.64100 31.29700 26.28100
-22.28100 28.84400 27.40600
-21.40600 31.07800 27.64100
-21.71900 29.84400 28.20300
-19.51600 28.90600 23.70300
-18.87500 27.60900 23.79700
-19.37500 26.84400 25.01600
-17.35900 27.76600 23.87500
-19.12500 27.23400 26.15600
-16.59400 26.60900 23.25000
-16.07800 25.59400 24.04700
-16.39100 26.54700 21.87500
-15.36700 24.53100 23.48400
-15.69500 25.50000 21.29700
-14.49200 23.45300 21.54700
-15.18800 24.50000 22.10900
-20.29700 25.92200 24.82800
-20.96900 25.23400 25.92200
-19.98400 24.42200 26.76600
-22.07800 24.32800 25.39100
-18.89100 24.10900 26.31200
-21.54700 23.12500 24.65600
-22.43800 22.39100 23.98400
-20.34400 22.84400 24.68800
-20.29700 24.34400 28.10900
-19.53100 23.73400 29.20300
-19.15600 22.29700 28.85900
-20.32800 23.78100 30.50000
-18.04700 21.84400 29.17200
-20.03100 21.64100 28.06200
-19.75000 20.28100 27.59400
-18.68800 20.29700 26.50000
-21.03100 19.62500 27.07800
-17.78100 19.46900 26.50000
-20.89100 18.15600 26.79700
-20.70300 17.68800 25.50000
-20.93800 17.23400 27.84400
-20.57800 16.32800 25.25000
-20.81200 15.87500 27.59400
-20.62500 15.41400 26.29700
-18.75000 21.31200 25.59400
-17.76600 21.50000 24.53100
-16.43800 21.98400 25.07800
-18.29700 22.50000 23.50000
-15.37500 21.54700 24.62500
-19.42200 21.95300 22.62500
-19.98400 22.98400 21.65600
-20.78100 22.59400 20.76600
-19.62500 24.17200 21.78100
-16.54700 22.68800 26.06200
-15.41400 23.29700 26.73400
-14.66400 22.25000 27.56200
-15.86700 24.43800 27.64100
-13.44500 22.10900 27.42200
-14.73400 25.23400 28.23400
-14.42200 25.10900 29.57800
-13.98400 26.09400 27.43800
-13.37500 25.84400 30.14100
-12.93000 26.82800 27.98400
-12.63300 26.70300 29.34400
-15.32000 21.37500 28.35900
-14.78100 20.32800 29.23400
-14.27300 19.17200 28.39100
-15.84400 19.84400 30.23400
-13.21100 18.60900 28.65600
-16.21900 20.96900 31.20300
-15.34400 18.60900 30.98400
-17.42200 20.64100 32.09400
-15.01600 18.84400 27.32800
-14.62500 17.79700 26.39100
-13.36700 18.18800 25.62500
-15.75800 17.50000 25.40600
-12.53900 17.32800 25.29700
-16.12500 18.65600 24.68800
-13.12500 19.48400 25.42200
-12.03100 20.00000 24.59400
-10.80500 20.31200 25.43800
-12.47700 21.25000 23.84400
-9.67200 20.25000 24.95300
-12.82800 22.28100 24.75000
-10.82000 20.50000 26.85900
-9.72700 20.93800 27.71900
-9.33600 19.84400 28.70300
-10.12500 22.20300 28.46900
-8.23400 19.85900 29.26600
-10.18800 23.50000 27.65600
-10.79700 24.62500 28.48400
-8.79700 23.87500 27.15600
-10.14800 18.73400 28.96900
-9.87500 17.68800 29.95300
-9.41400 16.40600 29.26600
-11.12500 17.40600 30.78100
-10.03100 15.94500 28.31200
-10.86700 16.39100 31.73400
-8.10900 16.09400 29.35900
-7.50000 14.88300 28.82800
-8.24200 13.63300 29.28100
-6.03100 14.79700 29.23400
-8.30500 12.64100 28.56200
-5.90600 14.72700 30.64100
-9.10200 13.72700 30.50000
-9.75000 12.61700 31.17200
-11.22700 12.50000 30.82800
-11.82000 11.43000 30.98400
-11.89800 13.42200 30.10900
-13.31200 13.45300 29.73400
-13.46900 13.75000 28.25000
-14.06200 14.50000 30.56200
-14.57000 14.05500 27.78100
-14.50000 14.00800 31.90600
-15.65600 13.25000 32.06200
-13.75800 14.30500 33.06200
-16.06200 12.78900 33.31200
-14.15600 13.84400 34.31200
-15.31200 13.09400 34.43800
-12.37500 13.61700 27.53100
-12.39100 13.74200 26.07800
-13.15600 12.59400 25.43800
-10.96900 13.80500 25.53100
-12.73400 11.43800 25.53100
-10.91400 14.21100 24.06200
-11.95300 14.61700 23.51600
-9.82000 14.11700 23.46900
-14.41400 12.75800 25.17200
-15.21900 11.72700 24.53100
-15.14100 11.88300 23.00000
-16.68800 11.78900 25.00000
-15.91400 11.27300 22.26600
-17.12500 13.24200 25.21900
-16.89100 10.95300 26.26600
-18.60900 13.42200 25.45300
-14.28900 12.91400 22.51600
-13.96100 13.07000 21.09400
-13.39100 11.78100 20.51600
-12.96100 14.21100 20.90600
-13.40600 11.57800 19.31200
-12.64100 14.82000 22.14100
-12.96900 10.84400 21.42200
-12.57000 9.47700 21.10900
-13.78100 8.60900 20.79700
-11.78900 8.86700 22.28100
-13.65600 7.58600 20.10900
-12.62500 8.72700 23.42200
-14.99200 9.13300 21.04700
-16.20300 8.35200 20.85900
-17.01600 8.89100 19.68800
-17.04700 8.35200 22.12500
-17.67200 8.12500 18.96900
-16.68800 7.31600 23.18800
-17.28100 7.70700 24.54700
-17.15600 5.93000 22.76600
-16.71900 10.15600 19.17200
-17.56200 10.68000 18.10900
-16.75000 11.55500 17.15600
-18.73400 11.46900 18.68800
-17.23400 11.93000 16.09400
-19.78100 10.61700 19.34400
-20.75000 9.96900 18.57800
-19.81200 10.45300 20.71900
-21.71900 9.18000 19.17200
-20.78100 9.65600 21.32800
-21.73400 9.02300 20.54700
-15.39800 11.33600 16.98400
-14.59400 11.98400 15.95300
-13.29700 11.21900 15.71100
-14.28100 13.43000 16.34400
-12.57000 10.89800 16.65600
-15.32800 14.43000 15.88300
-14.95300 15.87500 16.18800
-15.76600 16.78100 15.90600
-13.83600 16.09400 16.70300
-13.20300 10.29700 14.86700
-12.42200 9.48400 13.94500
-11.28900 10.31200 13.35200
-13.31200 8.90600 12.81200
-11.53100 11.35900 12.74200
-14.42200 8.03100 13.39800
-12.46100 8.11700 11.81200
-15.52300 7.67600 12.40600
-10.11700 10.39800 14.03100
-8.82000 10.59400 13.39800
-7.78100 11.17200 14.34400
-8.08600 12.05500 15.14800
-7.17200 10.49200 15.16400
-5.88700 10.77300 15.79700
-4.93400 11.46100 14.82000
-5.25400 9.48400 16.32800
-4.40200 10.82800 13.91400
-5.78100 9.03900 17.67200
-4.98000 7.87500 18.23400
-5.54300 7.39500 19.57800
-4.76200 6.25000 20.12500
-5.09400 12.74200 14.45300
-4.07800 13.78900 14.43000
-4.16000 14.65600 15.67200
-4.23800 14.65600 13.17200
-5.25400 15.01600 16.12500
-3.67000 14.07800 11.87500
-4.37100 14.69500 10.67200
-2.16400 14.31200 11.80500
-3.74600 14.22700 16.81200
-3.50400 15.14800 17.92200
-4.34800 16.40600 17.78100
-2.02100 15.51600 18.00000
-4.23000 17.14100 16.78100
-1.20200 14.60200 18.89100
0.23700 15.08600 19.01600
1.07300 14.14100 19.87500
2.47100 14.63300 20.04700
-5.59800 16.46900 17.89100
-6.19900 17.68800 18.40600
-5.41400 18.23400 19.59400
-7.65600 17.43800 18.81200
-5.83600 19.18800 20.25000
-8.64800 17.92200 17.81200
-9.83600 18.56200 17.96900
-8.46900 17.78100 16.45300
-9.50800 18.29700 15.81200
-10.35200 18.78100 16.71900
-4.08200 17.78100 19.75000
-3.53100 18.31200 21.00000
-2.49200 19.39100 20.73400
-2.90400 17.18800 21.82800
-1.49800 19.15600 20.04700
-2.53300 17.65600 23.10900
-2.89600 20.50000 20.09400
-2.04900 21.67200 20.34400
-2.57400 22.89100 19.59400
-0.60700 21.37500 19.92200
-1.95400 23.95300 19.62500
0.13100 20.43800 20.85900
1.57700 20.23400 20.42200
2.21300 19.15600 21.17200
4.21900 19.26600 20.03100
3.93400 17.71900 21.70300
3.45300 18.71900 20.96900
-3.94900 22.96900 19.20300
-4.35200 24.10900 18.39100
-5.47300 24.90600 19.06200
-4.80500 23.64100 17.00000
-6.30100 25.51600 18.37500
-5.37100 22.34400 17.06200
-5.53100 24.70300 20.53100
-6.56200 25.43800 21.25000
-5.96500 26.18800 22.43800
-7.66400 24.48400 21.73400
-5.10200 25.65600 23.14100
-8.93000 25.14100 22.29700
-10.16400 24.60900 21.57800
-9.03100 24.90600 23.79700
-6.33200 27.43800 22.59400
-5.90200 28.15600 23.78100
-7.03500 29.01600 24.34400
-4.68400 29.03100 23.48400
-8.03100 29.25000 23.65600
-5.00400 30.23400 22.64100
-4.87100 30.20300 21.26600
-5.43400 31.42200 23.25000
-5.16800 31.31200 20.48400
-5.72700 32.53100 22.46900
-5.59400 32.50000 21.09400
-6.87500 29.31200 25.67200
-7.83600 30.20300 26.31200
-7.24600 31.59400 26.48400
-8.28100 29.65600 27.67200
-6.02700 31.75000 26.56200
-9.03900 28.34400 27.53100
-7.12100 29.43800 28.50000
-8.14800 32.65600 26.37500
-7.73000 34.03100 26.54700
-8.70300 34.81200 27.42200
-7.60900 34.71900 25.18800
-9.89800 34.50000 27.45300
-7.21100 36.09400 25.34400
-8.14100 35.78100 28.25000
-8.96900 36.65600 29.07800
-9.29700 37.96900 28.37500
-8.28100 36.93800 30.42200
-9.93800 38.84400 28.93800
-8.18000 35.71900 31.32800
-7.57800 36.09400 32.68800
-7.49600 34.87500 33.59400
-6.86700 35.25000 34.90600
-8.82800 38.06200 27.15600
-9.07000 39.28100 26.37500
-10.43000 39.21900 25.68800
-7.96500 39.46900 25.32800
-11.03900 38.15600 25.59400
-6.54300 39.62500 25.85900
-5.55100 39.75000 24.71900
-6.46100 40.84400 26.78100
-10.90600 40.43800 25.31200
-12.17200 40.50000 24.57800
-12.03100 39.90600 23.18800
-12.64800 41.96900 24.45300
-10.93000 39.81200 22.64100
-11.78900 42.71900 23.60900
-13.08600 39.31200 22.59400
-13.09400 38.65600 21.28100
-12.54700 39.59400 20.20300
-14.50800 38.21900 20.92200
-11.77300 39.18800 19.34400
-12.84400 40.87500 20.37500
-12.39800 41.87500 19.40600
-10.88300 42.06200 19.46900
-13.10900 43.18800 19.64100
-10.21900 42.18800 18.43800
-12.89800 43.65600 20.96900
-10.37500 42.06200 20.67200
-8.93800 42.18800 20.89100
-8.18000 40.96900 20.39100
-8.64100 42.40600 22.37500
-7.10900 41.09400 19.79700
-9.15600 43.65600 22.81200
-8.81200 39.81200 20.57800
-8.23400 38.56200 20.12500
-8.18800 38.53100 18.60900
-9.02300 37.34400 20.67200
-7.17200 38.15600 18.01600
-8.90600 37.25000 22.18800
-8.53100 36.03100 20.01600
-9.85900 36.28100 22.84400
-9.22700 38.90600 17.96900
-9.32800 38.93800 16.51600
-8.28100 39.87500 15.91400
-10.72700 39.37500 16.07800
-7.62100 39.53100 14.93800
-11.81200 38.37500 16.42200
-11.62500 36.81200 15.49200
-12.13300 37.34400 13.83600
-8.05500 41.09400 16.56200
-7.07000 42.06200 16.10900
-5.65200 41.50000 16.25000
-7.20300 43.37500 16.87500
-4.82800 41.65600 15.34400
-6.28900 44.34400 16.39100
-5.46100 40.78100 17.25000
-4.14100 40.25000 17.54700
-3.83800 39.06200 16.64100
-4.03900 39.81200 19.01600
-2.69700 38.87500 16.20300
-3.89100 41.00000 19.96900
-2.73600 40.78100 20.93800
-2.60400 41.93800 21.92200
-1.32900 41.84400 22.70300
-4.87100 38.31200 16.31200
-4.71900 37.18800 15.37500
-4.38700 37.71900 13.98400
-5.99600 36.34400 15.32800
-3.51600 37.15600 13.30500
-6.23000 35.40600 16.51600
-7.64500 34.84400 16.46900
-5.19500 34.28100 16.51600
-5.00800 38.75000 13.69500
-4.73400 39.40600 12.41400
-3.30700 39.93800 12.35900
-5.73000 40.53100 12.15600
-2.60500 39.75000 11.35900
-5.60900 41.15600 10.78100
-6.63300 42.25000 10.52300
-6.76600 42.71900 9.36700
-7.31200 42.65600 11.49200
-2.88500 40.59400 13.39100
-1.53400 41.12500 13.48400
-0.46600 40.06200 13.41400
0.53400 40.21900 12.71100
-0.75100 39.00000 14.08600
0.18600 37.87500 14.10900
0.31300 37.25000 12.72700
-0.25500 36.84400 15.13300
1.41900 36.90600 12.28100
-0.81600 37.12500 12.09400
-0.84500 36.53100 10.75800
-0.09600 37.37500 9.75800
-2.28500 36.31200 10.30500
0.66000 36.87500 8.93000
-0.24400 38.65600 9.85200
0.44400 39.59400 8.96900
1.95200 39.59400 9.20300
-0.10600 41.00000 9.15600
2.73200 39.62500 8.25000
-1.47800 41.18800 8.53100
-2.29700 42.03100 9.14100
-1.79700 40.56200 7.51600
2.39100 39.46900 10.41400
3.80700 39.40600 10.76600
4.44900 38.12500 10.21900
3.99000 39.46900 12.28100
5.62500 38.12500 9.84400
3.80100 40.87500 12.86700
4.03900 40.87500 14.36700
3.73400 42.25000 14.97700
3.88300 42.21900 16.45300
3.60700 37.15600 10.11700
4.09400 35.84400 9.67200
3.93600 35.68800 8.16400
3.35000 34.71900 10.39100
4.13700 34.59400 7.62100
3.61500 34.59400 11.89100
2.63700 33.59400 12.51600
5.05500 34.15600 12.14100
3.55300 36.71900 7.44500
3.43000 36.84400 5.99600
2.28900 36.00000 5.45300
4.74600 36.46900 5.31200
2.41200 35.40600 4.38300
4.92600 37.18800 3.97900
5.80500 36.62500 3.14300
4.28100 38.18800 3.70100
1.18100 35.84400 6.12900
-0.04200 35.18800 5.68800
-1.05300 36.21900 5.17600
-0.65400 34.37500 6.82800
-1.11200 37.34400 5.67200
-0.02500 33.03100 7.01200
-0.69300 31.87500 6.60900
1.23600 32.90600 7.57800
-0.11400 30.60900 6.77700
1.82200 31.64100 7.74600
1.14600 30.50000 7.34800
-1.71000 35.81200 4.08200
-2.86900 36.59400 3.67400
-4.04700 36.37500 4.61700
-3.26800 36.25000 2.24000
-4.39800 35.21900 4.92200
-4.62900 37.43800 5.08200
-5.61700 37.28100 6.14500
-6.97700 37.78100 5.65200
-5.19900 38.06200 7.41800
-7.06600 38.81200 4.99200
-6.25400 37.90600 8.50800
-3.84000 37.56200 7.91400
-7.98400 37.00000 5.89100
-9.37500 37.37500 5.68800
-10.19500 37.21900 6.96100
-10.00000 36.56200 4.55500
-10.13300 36.15600 7.60500
-9.93800 35.18800 4.84000
-10.80500 38.28100 7.38700
-11.60900 38.25000 8.60200
-13.07000 38.00000 8.25000
-11.48400 39.56200 9.40600
-13.64800 38.68800 7.41800
-10.01600 39.81200 9.78900
-12.37500 39.53100 10.64800
-9.77300 41.18800 10.43800
-13.57800 36.87500 8.77300
-14.96100 36.50000 8.52300
-15.92200 37.09400 9.53900
-15.50800 37.65600 10.53900
-17.18800 37.25000 9.31200
-18.28100 37.87500 10.02300
-18.71900 37.06200 11.23400
-19.48400 38.09400 9.09400
-19.26600 37.59400 12.20300
-19.23400 39.15600 8.00800
-20.48400 39.37500 7.17600
-20.23400 40.40600 6.05900
-21.45300 40.62500 5.23000
-18.06200 35.87500 11.65600
-18.35900 35.03100 12.80500
-17.14100 34.87500 13.70300
-18.85900 33.65600 12.34400
-16.93800 33.81200 14.31200
-20.18800 33.71900 11.61700
-21.00000 34.62500 11.89100
-20.43800 32.84400 10.75800
-16.37500 35.93800 13.90600
-15.20300 35.87500 14.78100
-14.26600 34.78100 14.35200
-15.63300 35.68800 16.23400
-13.72700 34.03100 15.19500
-16.39100 36.84400 16.81200
-15.71900 37.90600 17.42200
-17.78100 36.87500 16.76600
-16.42200 38.96900 17.95300
-18.48400 37.96900 17.29700
-17.79700 39.00000 17.89100
-14.12500 34.71900 13.00000
-13.21100 33.78100 12.35900
-12.14100 34.50000 11.55500
-13.97700 32.81200 11.44500
-12.44500 35.46900 10.85900
-14.86700 31.84400 12.19500
-15.55500 30.85900 11.25800
-14.69500 29.71900 10.93000
-16.14100 28.79700 9.39800
-14.13300 27.78100 9.83600
-14.99200 28.76600 10.05500
-10.94500 34.03100 11.72700
-9.84400 34.59400 10.95300
-9.23400 33.50000 10.07000
-8.75800 35.18800 11.87500
-8.78900 32.46900 10.57000
-7.61300 35.78100 11.04700
-9.36700 36.25000 12.78100
-9.34400 33.84400 8.78100
-8.73400 32.90600 7.83200
-7.34400 33.37500 7.42200
-9.62500 32.75000 6.59800
-7.15600 34.53100 7.03500
-9.21900 31.60900 5.68400
-10.20300 31.43800 4.53500
-9.80500 30.28100 3.62700
-10.80500 30.06200 2.53300
-6.39800 32.40600 7.54300
-5.00800 32.68800 7.21100
-4.52000 31.79700 6.08200
-4.11300 32.53100 8.43800
-4.57000 30.56200 6.19900
-4.57400 33.34400 9.64800
-3.69100 32.87500 11.18800
-4.75800 33.65600 12.42200
-4.07000 32.50000 5.00800
-3.58200 31.75000 3.85900
-2.09800 32.03100 3.61500
-4.38700 32.09400 2.60500
-1.68300 33.18800 3.48800
-4.12500 31.17200 1.42700
-5.01200 31.51600 0.23800
-4.73400 30.60900 -0.95000
-5.62900 30.92200 -2.10700
-1.35400 30.89100 3.58800
0.07500 31.01600 3.35000
0.40800 31.46900 1.94200
-0.36400 31.23400 1.01000
1.49800 32.15600 1.71100
1.89300 32.68800 0.41300
2.86100 31.76600 -0.29800
2.52500 34.09400 0.57500
2.95500 31.76600 -1.52700
1.54200 35.15600 0.98900
2.15000 36.56200 0.86400
1.22200 37.59400 1.31100
1.92200 39.15600 -0.22400
0.25400 39.68800 1.26600
1.13500 38.81200 0.78300
3.40200 30.84400 0.45000
4.33200 29.85900 -0.11500
3.64300 28.53100 -0.37400
5.53100 29.65600 0.81600
2.79100 28.10900 0.40800
6.41400 30.89100 0.95800
7.64100 30.60900 1.81200
8.38300 31.82800 2.11500
10.26600 30.73400 2.89100
10.19500 33.03100 2.85700
9.60900 31.85900 2.62100
3.97100 28.03100 -1.53000
3.43800 26.73400 -1.89900
4.23000 25.60900 -1.24000
3.44300 26.56200 -3.42000
5.46100 25.59400 -1.29700
2.42000 25.54700 -3.93000
2.19100 25.64100 -5.43000
1.29900 24.92200 -5.94900
2.91200 26.40600 -6.09400
3.52100 24.90600 -0.35200
4.09000 23.75000 0.31800
3.86100 22.45300 -0.43500
3.46100 22.46900 -1.60100
4.29300 21.28100 0.02500
4.22300 19.93800 -0.55100
2.79900 19.59400 -0.97200
4.73800 18.90600 0.44400
2.58800 18.93800 -1.98900
6.24200 18.95300 0.66700
6.74600 17.71900 1.41300
6.25000 17.68800 2.78500
6.89800 15.50800 3.18000
5.84800 16.70300 4.82400
6.33200 16.62500 3.59400
1.72300 20.17200 -0.21100
0.31900 19.84400 -0.44800
-0.48800 21.09400 -0.77800
-0.28200 19.14100 0.77100
-1.69000 21.15600 -0.51500
0.24800 17.73400 0.99600
-0.57600 16.98400 2.03700
-0.13300 15.53100 2.16400
-0.95000 14.78900 3.17000
0.11900 22.06200 -1.39500
-0.54500 23.31200 -1.72800
-0.38300 24.37500 -0.65900
0.37800 24.20300 0.29400
-0.94500 25.48400 -0.78400
-0.78400 26.57800 0.16400
-1.49500 26.28100 1.47900
-1.31500 27.89100 -0.43000
-2.61700 25.76600 1.48000
-0.50000 28.40600 -1.60400
-1.04700 29.71900 -2.13100
-0.35000 30.15600 -3.34000
-1.51700 32.12500 -3.56100
0.10400 31.57800 -5.08200
-0.58900 31.28100 -3.99200
-0.82400 26.51600 2.55900
-1.41000 26.28100 3.87700
-2.50200 27.31200 4.16400
-0.33200 26.35900 4.96100
-2.27000 28.51600 4.06200
-0.79900 26.10900 6.39800
-1.26200 24.67200 6.56600
0.31500 26.43800 7.38300
-3.66200 26.67200 4.46100
-4.78500 27.51600 4.87100
-5.29700 27.10900 6.25000
-5.91800 27.43800 3.84400
-5.62500 25.95300 6.48000
-6.96100 28.53100 3.99000
-7.96900 28.56200 2.85400
-8.75800 29.53100 2.76200
-7.97300 27.60900 2.04500
-5.37500 28.14100 7.17200
-5.75000 27.89100 8.56200
-6.86300 28.85900 8.97700
-4.54300 28.03100 9.51600
-6.83200 30.03100 8.61700
-4.94900 27.71900 10.95300
-3.40000 27.12500 9.06200
-7.78900 28.28100 9.77300
-8.85900 29.12500 10.28100
-8.82800 29.14100 11.80500
-10.24200 28.65600 9.78100
-8.72700 28.09400 12.43800
-11.35900 29.46900 10.43000
-10.32800 28.76600 8.25800
-8.82000 30.35900 12.30500
-8.95300 30.54700 13.74200
-10.34400 31.06200 14.10200
-7.89100 31.51600 14.25800
-10.81200 32.06200 13.53900
-10.93000 30.31200 15.00800
-12.25800 30.70300 15.45300
-12.27300 31.01600 16.95300
-13.28100 29.60900 15.13300
-11.75000 30.23400 17.75000
-14.72700 30.04700 15.31200
-15.73400 29.01600 14.85200
-16.95300 29.29700 14.85900
-15.30500 27.90600 14.46900
-12.97700 32.15600 17.29700
-13.03900 32.62500 18.67200
-14.41400 32.31200 19.26600
-12.74200 34.12500 18.79700
-15.44500 32.62500 18.65600
-12.74200 34.56200 20.26600
-11.40600 34.46900 18.14100
-14.38300 31.62500 20.45300
-15.60900 31.29700 21.15600
-15.63300 31.96900 22.53100
-15.75800 29.78100 21.31200
-14.59400 32.12500 23.15600
-15.77300 29.04700 20.00000
-16.96900 28.78100 19.34400
-14.58600 28.60900 19.42200
-16.98400 28.09400 18.12500
-14.59400 27.92200 18.20300
-15.78900 27.67200 17.56200
-16.92200 32.31200 22.96900
-17.09400 32.81200 24.32800
-17.53100 31.68800 25.26600
-18.12500 33.93800 24.35900
-18.48400 30.96900 24.98400
-18.12500 34.75000 25.67200
-19.07800 35.93800 25.64100
-19.25000 36.56200 26.70300
-19.64100 36.21900 24.56200
-16.79700 31.48400 26.35900
-17.06200 30.42200 27.31200
-17.71900 31.00000 28.56200
-15.76600 29.65600 27.68800
-18.65600 30.40600 29.10900
-16.06200 28.56200 28.70300
-15.10200 29.07800 26.43800
-17.31200 32.12500 29.15600
-17.78100 32.87500 30.31200
-17.39100 34.34400 30.20300
-17.21900 32.28100 31.60900
-16.56200 34.71900 29.35900
-18.14100 35.25000 31.04700
-17.75000 36.65600 31.01600
-16.26600 36.87500 31.31200
-18.60900 37.28100 32.09400
-15.73400 36.28100 32.25000
-19.75000 36.31200 32.31200
-19.26600 34.93800 31.95300
-15.43800 37.15600 30.25000
-14.02300 37.53100 30.32800
-13.13300 36.34400 30.00000
-13.68000 38.06200 31.71900
-11.94500 36.31200 30.34400
-14.36700 39.40600 32.03100
-13.95300 39.96900 33.37500
-14.45300 41.06200 33.75000
-13.13300 39.31200 34.06200
-13.80500 35.18800 29.50000
-13.03100 34.03100 29.09400
-13.43000 33.56200 27.70300
-13.22700 32.90600 30.10900
-14.60200 33.28100 27.43800
-12.32000 31.67200 29.93800
-10.86700 32.03100 30.21900
-12.77300 30.53100 30.84400
-12.35900 33.50000 26.79700
-12.59400 33.09400 25.42200
-11.71100 31.89100 25.06200
-12.32800 34.25000 24.46900
-10.64100 31.70300 25.64100
-12.25000 31.10900 24.14100
-11.49200 29.98400 23.60900
-11.25000 30.17200 22.12500
-12.22700 28.64100 23.87500
-12.14800 30.57800 21.37500
-11.48400 27.50000 23.18800
-12.36700 28.39100 25.37500
-9.96900 29.89100 21.79700
-9.62500 30.01600 20.37500
-9.21100 28.64100 19.82800
-8.49200 31.04700 20.15600
-8.34400 27.98400 20.40600
-8.19500 31.20300 18.67200
-8.86700 32.37500 20.78100
-9.79700 28.39100 18.65600
-9.50800 27.10900 18.03100
-8.94500 27.29700 16.62500
-10.75800 26.23400 17.96900
-9.51600 28.03100 15.81200
-10.50800 24.82800 17.45300
-11.75800 23.96900 17.40600
-11.64100 22.71900 17.37500
-12.86700 24.54700 17.40600
-7.82800 26.56200 16.40600
-7.24600 26.57800 15.06200
-7.59400 25.31200 14.29700
-5.72300 26.75000 15.14100
-7.49200 24.20300 14.84400
-5.28500 28.09400 15.65600
-4.94900 29.10900 14.77300
-5.20700 28.32800 17.01600
-4.54300 30.35900 15.25000
-4.80100 29.57800 17.50000
-4.46900 30.57800 16.60900
-7.98800 25.54700 13.03100
-8.28100 24.40600 12.17200
-7.61300 24.56200 10.80500
-9.78900 24.25000 11.99200
-7.58600 25.65600 10.24200
-10.44500 24.18800 13.25000
-7.01600 23.40600 10.36700
-6.39800 23.39100 9.04700
-7.43800 23.14100 7.95700
-5.30900 22.31200 8.97700
-8.17200 22.15600 8.00000
-4.58200 22.25000 7.64500
-3.57200 21.10900 7.60500
-4.26200 19.76600 7.44500
-3.30700 18.70300 7.00400
-7.52700 24.04700 6.94100
-8.47700 23.93800 5.84000
-7.83600 23.26600 4.62900
-9.00800 25.31200 5.45300
-8.48400 22.48400 3.93000
-9.92200 26.14100 6.77300
-6.54300 23.48400 4.38300
-5.81600 22.93800 3.23800
-4.30900 23.07800 3.42600
-6.24600 23.64100 1.94900
-3.85400 23.82800 4.29300
-5.80100 24.98400 1.94100
-3.41800 22.29700 2.81800
-1.97400 22.37500 2.97700
-1.40000 21.23400 3.79900
-2.13100 20.32800 4.21500
-0.14600 21.10900 3.93200
0.61700 20.03100 4.55100
0.46300 20.04700 6.07000
2.09600 20.12500 4.17200
0.58300 21.10900 6.69900
2.93800 19.01600 4.76200
3.66000 19.25000 5.75000
2.87900 17.89100 4.22700
0.11600 18.93800 6.72300
-0.16000 18.76600 8.14800
1.08100 19.07800 8.97700
-0.64100 17.32800 8.45300
0.98100 19.68800 10.04700
-1.00400 17.18800 9.93000
-1.79600 17.04700 7.65600
2.28100 18.70300 8.51600
3.52100 19.01600 9.21900
3.77700 20.51600 9.21900
4.70300 18.28100 8.57000
4.23800 21.07800 10.21900
4.77300 16.78100 8.79700
5.85500 16.15600 7.91400
5.03500 16.46900 10.26600
3.41200 21.09400 8.06200
3.49600 22.54700 7.94500
2.53700 23.23400 8.90600
3.20100 22.98400 6.50800
2.87500 24.26600 9.50000
3.53700 24.43800 6.22700
3.22900 24.85900 4.80100
3.48600 26.03100 4.44500
2.72300 24.01600 4.03100
1.38300 22.62500 9.10900
0.37000 23.12500 10.03900
0.85100 23.00000 11.48400
-0.93900 22.34400 9.86700
0.73200 23.95300 12.26600
-1.97000 22.64100 10.93000
-2.30900 21.68800 11.88300
-2.60700 23.87500 10.97700
-3.26000 21.95300 12.85900
-3.55900 24.15600 11.95300
-4.82000 23.45300 13.85200
-3.87700 23.18800 12.89100
1.44900 21.92200 11.80500
1.94900 21.70300 13.15600
3.07600 22.68800 13.45300
2.44100 20.25000 13.34400
3.11900 23.28100 14.53900
3.15400 20.09400 14.68800
1.27200 19.26600 13.24200
3.97500 22.85900 12.54700
5.05900 23.82800 12.67200
4.51200 25.25000 12.83600
5.98800 23.76600 11.46100
5.00800 26.01600 13.65600
7.28100 24.56200 11.63300
8.17200 24.43800 10.39800
9.41400 25.29700 10.52300
10.30500 25.17200 9.33600
3.49600 25.46900 12.01600
2.83600 26.78100 12.07800
2.28700 27.03100 13.47700
1.70700 26.85900 11.04700
2.52500 28.09400 14.06200
0.78000 28.03100 11.25800
-0.47000 27.84400 11.83600
1.16000 29.31200 10.88300
-1.33100 28.92200 12.03100
0.30600 30.39100 11.07000
-0.93900 30.18800 11.64800
1.60700 26.12500 14.10900
0.95800 26.26600 15.40600
1.98700 26.31200 16.53100
-0.02800 25.12500 15.64800
1.88600 27.14100 17.43800
-1.52000 25.23400 14.63300
3.17400 25.64100 16.43800
4.12100 25.51600 17.54700
5.21500 26.56200 17.45300
4.74200 24.10900 17.56200
5.59800 27.15600 18.46900
3.78900 23.01600 18.03100
4.44500 21.65600 18.07800
3.74000 20.67200 18.64100
5.57000 21.46900 17.60900
5.59800 26.75000 16.31200
6.82000 27.53100 16.17200
6.51600 28.96900 15.75800
7.77000 26.87500 15.17200
7.28900 29.87500 16.04700
8.26600 25.50000 15.59400
9.32000 24.93800 14.66400
9.71100 23.75000 14.82800
9.76600 25.67200 13.75800
5.34000 29.10900 15.10900
5.07800 30.43800 14.58600
4.02700 31.17200 15.41400
4.63300 30.35900 13.12500
4.30900 32.21900 16.01600
5.71100 29.81200 12.20300
6.91000 29.96900 12.50800
5.35500 29.23400 11.14800
2.84400 30.53100 15.66400
1.67100 31.17200 16.25000
1.81200 31.23400 17.76600
0.37000 30.43800 15.85200
1.47700 32.25000 18.39100
-0.01500 30.76600 14.40600
-0.76400 30.79700 16.81200
-0.46300 32.21900 14.20300
2.39800 30.32800 18.40600
2.50200 30.26600 19.85900
3.36500 31.39100 20.40600
3.07800 28.90600 20.28100
2.96300 32.09400 21.32800
2.76800 28.54700 21.73400
3.18800 27.10900 22.04700
3.13300 26.84400 23.48400
3.41200 24.56200 23.26600
3.18000 25.50000 25.34400
3.24200 25.64100 24.03100
4.57000 31.60900 19.81200
5.34800 32.75000 20.28100
4.69900 34.09400 19.93800
6.68800 32.59400 19.56200
4.82000 35.06200 20.70300
6.70700 31.17200 19.10900
5.28900 30.68800 19.00000
4.00400 34.15600 18.82800
3.43600 35.37500 18.31200
2.22100 35.81200 19.12500
3.05700 35.21900 16.84400
1.91800 37.00000 19.21900
1.64500 34.84400 19.85900
0.42300 35.15600 20.59400
0.62500 34.96900 22.09400
-0.73400 34.28100 20.10900
-0.33800 34.75000 22.82800
-1.22900 34.53100 18.68800
-2.30700 33.50000 18.31200
-1.75300 35.93800 18.54700
1.82700 35.06200 22.57800
2.17200 34.84400 23.98400
1.43600 35.84400 24.89100
3.68200 34.96900 24.18800
1.05000 35.46900 26.00000
4.16000 34.50000 25.54700
5.67600 34.59400 25.67200
6.15200 34.18800 27.06200
7.63300 34.31200 27.20300
1.14300 36.96900 24.37500
0.55400 38.06200 25.17200
-0.97000 37.93800 25.17200
0.98800 39.40600 24.62500
-1.63600 38.62500 25.95300
0.73300 39.56200 23.14100
0.85100 38.59400 22.39100
0.41400 40.68800 22.71900
-1.44500 36.96900 24.37500
-2.88300 36.78100 24.21900
-3.31600 35.50000 24.93800
-3.29500 36.71900 22.73400
-4.41000 35.40600 25.50000
-4.80100 36.50000 22.59400
-2.86300 38.00000 22.01600
-2.36300 34.62500 25.12500
-2.67600 33.28100 25.54700
-2.62100 33.18800 27.07800
-1.70800 32.25000 24.92200
-1.63800 33.59400 27.68800
-1.97200 30.84400 25.48400
-1.83700 32.25000 23.39100
-3.70900 32.87500 27.67200
-3.76000 32.56200 29.10900
-3.27100 31.15600 29.37500
-5.18400 32.75000 29.64100
-2.36500 30.95300 30.18800
-5.30900 32.53100 31.10900
-5.09800 31.37500 31.79700
-5.68000 33.50000 32.09400
-5.67200 32.87500 33.34400
-6.02000 34.87500 32.03100
-5.31200 31.56200 33.15600
-6.31600 34.87500 34.43800
-5.98800 33.53100 34.53100
-6.33200 35.53100 33.21900
-3.73200 30.14100 28.60900
-3.23800 28.76600 28.73400
-3.49200 27.96900 27.45300
-3.89600 28.06200 29.92200
-4.54700 28.10900 26.82800
-5.27700 27.85900 29.68800
-2.46500 27.15600 27.07800
-2.65600 26.23400 25.95300
-3.20300 24.89100 26.43800
-1.34000 26.03100 25.20300
-2.92600 24.46900 27.56200
-0.88200 27.21900 24.43800
0.02700 28.17200 24.82800
-1.31800 27.62500 23.12500
-0.63000 28.81200 22.79700
-2.22500 27.07800 22.20300
0.18300 29.12500 23.84400
-1.71300 28.92200 20.68800
-0.82100 29.46900 21.57800
-2.41200 27.73400 20.98400
-3.95500 24.28100 25.71900
-4.39800 22.92200 26.00000
-3.21300 21.95300 26.07800
-5.38300 22.45300 24.92200
-2.39500 21.89100 25.15600
-6.13300 21.17200 25.29700
-7.06200 20.70300 24.18800
-7.81600 19.64100 24.46900
-7.10500 21.28100 23.10900
-2.99400 21.18800 27.34400
-1.96300 20.17200 27.51600
-0.72900 20.68800 28.23400
0.23900 19.95300 28.42200
-0.61400 22.04700 28.59400
0.48900 22.56200 29.40600
0.25700 22.26600 30.89100
0.67300 24.06200 29.18800
-0.82000 22.54700 31.42200
1.58700 24.37500 28.01600
2.14500 23.43800 27.40600
1.75400 25.57800 27.70300
0.49700 20.96900 31.43800
0.51400 20.68800 32.87500
1.28500 21.75000 33.65600
1.10900 19.29700 33.12500
2.42800 22.06200 33.31200
0.09700 18.18800 32.93800
0.57200 16.95300 32.96900
-1.10200 18.43800 32.81200
0.75400 22.85900 34.06200
1.34400 23.64100 35.12500
1.62100 22.79700 36.37500
0.43700 24.82800 35.50000
0.69300 22.39100 37.06200
0.81100 26.09400 34.75000
0.03700 27.15600 34.96900
1.78600 26.12500 34.00000
2.50200 21.78100 36.31200
3.13900 21.37500 37.56200
4.10500 22.43800 38.06200
3.87900 20.04700 37.37500
5.16800 22.64100 37.46900
4.42200 19.95300 36.06200
3.68800 23.51600 38.46900
4.37100 24.23400 39.53100
3.38100 24.79700 40.53100
5.23400 25.35900 38.96900
2.48600 25.56200 40.18800
5.16800 25.37500 37.56200
3.02700 24.03100 41.46900
3.03500 24.31200 42.90600
3.01000 23.01600 43.71900
1.85400 25.20300 43.28100
2.16000 22.15600 43.50000
2.22700 26.67200 43.34400
1.23800 27.53100 43.56200
3.39500 27.03100 43.15600
