Fes_sc0001617.1.g000017.aua.1	109063	112331	sc0001617.1	0,0,255
Fes_sc0003471.1.g000005.aua.1	31301	35241	sc0003471.1	0,0,255
Fes_sc0005868.1.g000004.aua.1	23449	27158	sc0005868.1	0,0,255
Fes_sc0011510.1.g000001.aua.1	541	1950	sc0011510.1	255,0,0
Fes_sc0000542.1.g000013.aua.1	56556	57854	sc0000542.1	255,0,0
Fes_sc0000231.1.g000023.aua.1	108183	109781	sc0000231.1	255,0,0
Fes_sc0008411.1.g000001.aua.1	3048	4403	sc0008411.1	255,0,0
Fes_sc0008411.1.g000003.aua.1	16741	18057	sc0008411.1	255,0,0
Fes_sc0007348.1.g000004.aua.1	11573	15470	sc0007348.1	255,0,0
Fes_sc0010474.1.g000002.auf.1	3917	7977	sc0010474.1	255,0,0
Fes_sc0000499.1.g000001.aua.1	5199	9012	sc0000499.1	255,0,0